0 26.4992 -39.4862 13.5122 -0
0.01 26.4724 -39.4595 13.512 -1.39102e-05
0.02 26.3928 -39.38 13.5118 -4.24557e-05
0.03 26.2616 -39.2488 13.5116 -8.47291e-05
0.04 26.0808 -39.0681 13.5114 -0.000139378
0.05 25.8532 -38.8406 13.5112 -0.000204701
0.06 25.5821 -38.5697 13.511 -0.000278766
0.07 25.2714 -38.2589 13.5109 -0.000359527
0.08 24.925 -37.9126 13.5108 -0.00044494
0.09 24.5473 -37.535 13.5106 -0.000533061
0.1 24.1427 -37.1305 13.5105 -0.000622121
0.11 23.7155 -36.7033 13.5104 -0.000710578
0.12 23.2699 -36.2577 13.5104 -0.000797142
0.13 22.8098 -35.7977 13.5103 -0.000880785
0.14 22.339 -35.3269 13.5102 -0.000960729
0.15 21.8609 -34.8488 13.5102 -0.00103643
0.16 21.3786 -34.3665 13.5101 -0.00110753
0.17 20.8948 -33.8828 13.5101 -0.00117387
0.18 20.412 -33.4 13.5101 -0.0012354
0.19 19.9322 -32.9202 13.5101 -0.0012922
0.2 19.4573 -32.4454 13.51 -0.00134441
0.21 18.9889 -31.9769 13.51 -0.00139224
0.22 18.5281 -31.5161 13.51 -0.00143595
0.23 18.0759 -31.064 13.51 -0.0014758
0.24 17.6334 -30.6215 13.51 -0.00151207
0.25 17.201 -30.1891 13.51 -0.00154503
0.26 16.7793 -29.7674 13.51 -0.00157497
0.27 16.3687 -29.3568 13.51 -0.00160215
0.28 15.9693 -28.9574 13.51 -0.0016268
0.29 15.5813 -28.5694 13.51 -0.00164917
0.3 15.2048 -28.1929 13.51 -0.00166947
0.31 14.8397 -27.8278 13.51 -0.0016879
0.32 14.486 -27.4741 13.51 -0.00170464
0.33 14.1435 -27.1316 13.51 -0.00171984
0.34 13.8121 -26.8002 13.51 -0.00173367
0.35 13.4916 -26.4797 13.51 -0.00174626
0.36 13.1817 -26.1698 13.51 -0.00175772
0.37 12.8822 -25.8703 13.51 -0.00176818
0.38 12.5929 -25.581 13.51 -0.00177772
0.39 12.3135 -25.3016 13.51 -0.00178644
0.4 12.0437 -25.0319 13.51 -0.00179441
0.41 11.7833 -24.7715 13.51 -0.00180171
0.42 11.532 -24.5202 13.51 -0.00180841
0.43 11.2896 -24.2777 13.51 -0.00181455
0.44 11.0557 -24.0438 13.5101 -0.00182019
0.45 10.8301 -23.8182 13.5101 -0.00182538
0.46 10.6125 -23.6007 13.5101 -0.00183016
0.47 10.4028 -23.3909 13.5101 -0.00183456
0.48 10.2006 -23.1888 13.5101 -0.00183863
0.49 10.0058 -22.9939 13.5101 -0.00184238
0.5 9.81803 -22.8062 13.5101 -0.00184585
0.51 9.63715 -22.6253 13.5101 -0.00184906
0.52 9.46295 -22.4511 13.5101 -0.00185204
0.53 9.29521 -22.2833 13.5101 -0.0018548
0.54 9.13374 -22.1219 13.5101 -0.00185736
0.55 8.97834 -21.9665 13.5101 -0.00185974
0.56 8.82885 -21.817 13.5101 -0.00186195
0.57 8.68508 -21.6732 13.5101 -0.00186401
0.58 8.54687 -21.535 13.5101 -0.00186592
0.59 8.41407 -21.4022 13.5101 -0.00186771
0.6 8.28652 -21.2747 13.5101 -0.00186937
0.61 8.16407 -21.1522 13.5101 -0.00187092
0.62 8.04659 -21.0347 13.5101 -0.00187237
0.63 7.93395 -20.9221 13.5101 -0.00187372
0.64 7.82602 -20.8142 13.5101 -0.00187498
0.65 7.72269 -20.7108 13.5101 -0.00187616
0.66 7.62384 -20.612 13.5101 -0.00187726
0.67 7.52935 -20.5175 13.5101 -0.00187829
0.68 7.43914 -20.4273 13.5101 -0.00187925
0.69 7.35311 -20.3413 13.5101 -0.00188014
0.7 7.27116 -20.2593 13.5101 -0.00188098
0.71 7.1932 -20.1813 13.5101 -0.00188176
0.72 7.11915 -20.1073 13.5101 -0.00188249
0.73 7.04895 -20.0371 13.5101 -0.00188317
0.74 6.9825 -19.9706 13.5101 -0.00188381
0.75 6.91975 -19.9079 13.5101 -0.0018844
0.76 6.86063 -19.8488 13.5101 -0.00188494
0.77 6.80509 -19.7932 13.5101 -0.00188545
0.78 6.75305 -19.7412 13.5101 -0.00188592
0.79 6.70448 -19.6926 13.5101 -0.00188635
0.8 6.65932 -19.6475 13.5101 -0.00188675
0.81 6.61752 -19.6057 13.5101 -0.00188712
0.82 6.57906 -19.5672 13.5101 -0.00188745
0.83 6.54388 -19.532 13.5101 -0.00188775
0.84 6.51195 -19.5001 13.5101 -0.00188803
0.85 6.48325 -19.4714 13.5101 -0.00188827
0.86 6.45773 -19.4459 13.5101 -0.00188849
0.87 6.43539 -19.4235 13.5101 -0.00188868
0.88 6.41619 -19.4043 13.5101 -0.00188884
0.89 6.40012 -19.3883 13.5101 -0.00188898
0.9 6.38717 -19.3753 13.5101 -0.00188909
0.91 6.37731 -19.3655 13.5101 -0.00188918
0.92 6.37054 -19.3587 13.5101 -0.00188924
0.93 6.36686 -19.355 13.5101 -0.00188928
0.94 6.36626 -19.3544 13.5102 -0.00188929
0.95 6.36874 -19.3569 13.5102 -0.00188928
0.96 6.37429 -19.3624 13.5102 -0.00188924
0.97 6.38294 -19.3711 13.5102 -0.00188918
0.98 6.39468 -19.3828 13.5102 -0.00188909
0.99 6.40953 -19.3977 13.5102 -0.00188898
1 6.4275 -19.4157 13.5102 -0.00188884
1.01 6.44861 -19.4368 13.5102 -0.00188868
1.02 6.47288 -19.461 13.5102 -0.00188849
1.03 6.50033 -19.4885 13.5102 -0.00188827
1.04 6.53099 -19.5191 13.5102 -0.00188802
1.05 6.5649 -19.553 13.5102 -0.00188775
1.06 6.60207 -19.5902 13.5102 -0.00188744
1.07 6.64256 -19.6307 13.5102 -0.0018871
1.08 6.6864 -19.6745 13.5102 -0.00188673
1.09 6.73363 -19.7218 13.5102 -0.00188633
1.1 6.7843 -19.7725 13.5102 -0.00188589
1.11 6.83847 -19.8266 13.5102 -0.00188541
1.12 6.89618 -19.8843 13.5102 -0.0018849
1.13 6.9575 -19.9457 13.5102 -0.00188434
1.14 7.02249 -20.0106 13.5102 -0.00188374
1.15 7.09122 -20.0794 13.5102 -0.00188309
1.16 7.16375 -20.1519 13.5102 -0.0018824
1.17 7.24017 -20.2283 13.5102 -0.00188165
1.18 7.32055 -20.3087 13.5102 -0.00188085
1.19 7.40497 -20.3931 13.5102 -0.00187999
1.2 7.49354 -20.4817 13.5102 -0.00187907
1.21 7.58633 -20.5745 13.5102 -0.00187808
1.22 7.68346 -20.6716 13.5102 -0.00187702
1.23 7.78503 -20.7732 13.5102 -0.00187588
1.24 7.89114 -20.8793 13.5102 -0.00187467
1.25 8.00193 -20.9901 13.5102 -0.00187336
1.26 8.11749 -21.1056 13.5102 -0.00187197
1.27 8.23798 -21.2261 13.5102 -0.00187046
1.28 8.36352 -21.3517 13.5102 -0.00186885
1.29 8.49425 -21.4824 13.5102 -0.00186713
1.3 8.63032 -21.6185 13.5102 -0.00186527
1.31 8.77189 -21.76 13.5102 -0.00186327
1.32 8.91912 -21.9073 13.5102 -0.00186113
1.33 9.07219 -22.0603 13.5102 -0.00185882
1.34 9.23126 -22.2194 13.5102 -0.00185633
1.35 9.39652 -22.3847 13.5102 -0.00185365
1.36 9.56817 -22.5563 13.5102 -0.00185075
1.37 9.74641 -22.7346 13.5102 -0.00184763
1.38 9.93144 -22.9196 13.5102 -0.00184425
1.39 10.1235 -23.1116 13.5102 -0.00184059
1.4 10.3228 -23.3109 13.5102 -0.00183664
1.41 10.5295 -23.5177 13.5102 -0.00183235
1.42 10.744 -23.7321 13.5102 -0.00182769
1.43 10.9664 -23.9545 13.5102 -0.00182263
1.44 11.197 -24.1852 13.5103 -0.00181714
1.45 11.4361 -24.4242 13.5103 -0.00181115
1.46 11.6839 -24.672 13.5103 -0.00180463
1.47 11.9407 -24.9288 13.5103 -0.00179751
1.48 12.2067 -25.1949 13.5103 -0.00178974
1.49 12.4823 -25.4705 13.5103 -0.00178124
1.5 12.7677 -25.7559 13.5103 -0.00177195
1.51 13.0632 -26.0514 13.5103 -0.00176176
1.52 13.369 -26.3571 13.5103 -0.00175059
1.53 13.6853 -26.6735 13.5103 -0.00173834
1.54 14.0124 -27.0006 13.5103 -0.00172487
1.55 14.3506 -27.3387 13.5103 -0.00171007
1.56 14.6998 -27.688 13.5103 -0.00169379
1.57 15.0605 -28.0486 13.5103 -0.00167587
1.58 15.4325 -28.4207 13.5103 -0.00165614
1.59 15.816 -28.8042 13.5103 -0.0016344
1.6 16.2109 -29.1991 13.5103 -0.00161046
1.61 16.6171 -29.6053 13.5103 -0.0015841
1.62 17.0345 -30.0227 13.5103 -0.00155507
1.63 17.4628 -30.451 13.5103 -0.00152313
1.64 17.9014 -30.8896 13.5103 -0.00148802
1.65 18.3498 -31.3381 13.5103 -0.00144948
1.66 18.8073 -31.7956 13.5103 -0.00140726
1.67 19.2729 -32.2612 13.5103 -0.0013611
1.68 19.7454 -32.7337 13.5102 -0.00131077
1.69 20.2234 -33.2117 13.5102 -0.0012561
1.7 20.7052 -33.6935 13.5102 -0.00119696
1.71 21.1889 -34.1772 13.5102 -0.00113329
1.72 21.672 -34.6604 13.5101 -0.00106517
1.73 22.1521 -35.1405 13.5101 -0.000992786
1.74 22.6261 -35.6145 13.51 -0.000916501
1.75 23.0907 -36.0791 13.5099 -0.000836875
1.76 23.5424 -36.5309 13.5099 -0.000754694
1.77 23.9772 -36.9657 13.5098 -0.000670983
1.78 24.3911 -37.3797 13.5097 -0.000587022
1.79 24.7797 -37.7684 13.5095 -0.000504337
1.8 25.1388 -38.1275 13.5094 -0.00042467
1.81 25.4639 -38.4527 13.5093 -0.000349932
1.82 25.7509 -38.7397 13.5091 -0.000282129
1.83 25.9958 -38.9848 13.5089 -0.000223266
1.84 26.1952 -39.1842 13.5087 -0.000175235
1.85 26.346 -39.3351 13.5085 -0.000139696
1.86 26.4459 -39.4351 13.5083 -0.000117963
1.87 26.4934 -39.4827 13.5081 -0.000110907
1.88 26.4877 -39.4771 13.5079 -0.000118888
1.89 26.4289 -39.4184 13.5077 -0.000141723
1.9 26.3179 -39.3074 13.5075 -0.000178704
1.91 26.1565 -39.1461 13.5073 -0.000228643
1.92 25.9471 -38.9368 13.5071 -0.000289965
1.93 25.6929 -38.6826 13.507 -0.000360814
1.94 25.3974 -38.3872 13.5068 -0.000439175
1.95 25.0647 -38.0546 13.5067 -0.000522992
1.96 24.6989 -37.6889 13.5065 -0.00061027
1.97 24.3045 -37.2945 13.5064 -0.000699165
1.98 23.8858 -36.8759 13.5063 -0.000788039
1.99 23.4471 -36.4372 13.5062 -0.0008755
2 22.9923 -35.9825 13.5062 -0.000960418
2.01 22.5254 -35.5156 13.5061 -0.00104192
2.02 22.0499 -35.0401 13.5061 -0.00111936
2.03 21.569 -34.5592 13.506 -0.00119233
2.04 21.0856 -34.0758 13.506 -0.00126058
2.05 20.6022 -33.5924 13.5059 -0.00132403
2.06 20.121 -33.1113 13.5059 -0.0013827
2.07 19.6441 -32.6344 13.5059 -0.00143672
2.08 19.173 -32.1633 13.5059 -0.00148627
2.09 18.7091 -31.6994 13.5059 -0.0015316
2.1 18.2535 -31.2438 13.5059 -0.00157295
2.11 17.8071 -30.7974 13.5059 -0.00161062
2.12 17.3707 -30.361 13.5059 -0.00164487
2.13 16.9448 -29.9351 13.5059 -0.00167599
2.14 16.5297 -29.5201 13.5059 -0.00170424
2.15 16.1259 -29.1163 13.5059 -0.00172988
2.16 15.7335 -28.7239 13.5059 -0.00175313
2.17 15.3525 -28.3428 13.5059 -0.00177424
2.18 14.9829 -27.9733 13.5059 -0.00179339
2.19 14.6247 -27.6151 13.5059 -0.00181079
2.2 14.2779 -27.2683 13.5059 -0.00182659
2.21 13.9421 -26.9325 13.5059 -0.00184095
2.22 13.6173 -26.6077 13.5059 -0.00185402
2.23 13.3033 -26.2937 13.5059 -0.00186592
2.24 12.9998 -25.9902 13.5059 -0.00187677
2.25 12.7065 -25.6969 13.5059 -0.00188667
2.26 12.4232 -25.4136 13.5059 -0.00189571
2.27 12.1497 -25.1401 13.5059 -0.00190397
2.28 11.8857 -24.8761 13.5059 -0.00191154
2.29 11.6308 -24.6212 13.5059 -0.00191847
2.3 11.3849 -24.3753 13.5059 -0.00192482
2.31 11.1477 -24.1381 13.5059 -0.00193066
2.32 10.9189 -23.9093 13.5059 -0.00193603
2.33 10.6982 -23.6886 13.5059 -0.00194097
2.34 10.4854 -23.4759 13.5059 -0.00194552
2.35 10.2803 -23.2707 13.5059 -0.00194972
2.36 10.0826 -23.073 13.5059 -0.00195359
2.37 9.89212 -22.8825 13.5059 -0.00195718
2.38 9.70858 -22.699 13.5059 -0.00196049
2.39 9.53179 -22.5222 13.5059 -0.00196356
2.4 9.36154 -22.352 13.5059 -0.0019664
2.41 9.19764 -22.1881 13.5059 -0.00196904
2.42 9.03989 -22.0303 13.5059 -0.00197149
2.43 8.88811 -21.8785 13.5059 -0.00197377
2.44 8.74213 -21.7325 13.5059 -0.00197589
2.45 8.60177 -21.5922 13.506 -0.00197786
2.46 8.46688 -21.4573 13.506 -0.0019797
2.47 8.33729 -21.3277 13.506 -0.00198141
2.48 8.21288 -21.2033 13.506 -0.001983
2.49 8.09348 -21.0839 13.506 -0.00198449
2.5 7.97897 -20.9694 13.506 -0.00198588
2.51 7.86923 -20.8597 13.506 -0.00198718
2.52 7.76413 -20.7546 13.506 -0.00198839
2.53 7.66355 -20.654 13.506 -0.00198952
2.54 7.56739 -20.5578 13.506 -0.00199058
2.55 7.47554 -20.466 13.506 -0.00199156
2.56 7.3879 -20.3783 13.506 -0.00199249
2.57 7.30438 -20.2948 13.506 -0.00199335
2.58 7.2249 -20.2153 13.506 -0.00199415
2.59 7.14935 -20.1398 13.506 -0.0019949
2.6 7.07768 -20.0681 13.506 -0.0019956
2.61 7.0098 -20.0002 13.506 -0.00199625
2.62 6.94564 -19.9361 13.506 -0.00199686
2.63 6.88514 -19.8756 13.506 -0.00199742
2.64 6.82823 -19.8187 13.506 -0.00199794
2.65 6.77486 -19.7653 13.506 -0.00199843
2.66 6.72497 -19.7154 13.506 -0.00199888
2.67 6.67852 -19.6689 13.506 -0.00199929
2.68 6.63545 -19.6259 13.506 -0.00199967
2.69 6.59573 -19.5862 13.506 -0.00200001
2.7 6.55931 -19.5497 13.506 -0.00200033
2.71 6.52615 -19.5166 13.506 -0.00200061
2.72 6.49624 -19.4867 13.506 -0.00200087
2.73 6.46952 -19.46 13.506 -0.0020011
2.74 6.44599 -19.4364 13.506 -0.0020013
2.75 6.42562 -19.416 13.506 -0.00200147
2.76 6.40838 -19.3988 13.506 -0.00200162
2.77 6.39426 -19.3847 13.506 -0.00200174
2.78 6.38324 -19.3737 13.506 -0.00200184
2.79 6.37533 -19.3658 13.506 -0.00200191
2.8 6.3705 -19.3609 13.506 -0.00200195
2.81 6.36875 -19.3592 13.506 -0.00200198
2.82 6.37009 -19.3605 13.506 -0.00200197
2.83 6.37451 -19.3649 13.506 -0.00200195
2.84 6.38201 -19.3724 13.506 -0.00200189
2.85 6.39261 -19.383 13.506 -0.00200182
2.86 6.40632 -19.3967 13.506 -0.00200171
2.87 6.42314 -19.4136 13.506 -0.00200158
2.88 6.4431 -19.4335 13.506 -0.00200143
2.89 6.46621 -19.4566 13.506 -0.00200125
2.9 6.49249 -19.4829 13.506 -0.00200104
2.91 6.52198 -19.5124 13.506 -0.0020008
2.92 6.5547 -19.5451 13.506 -0.00200054
2.93 6.59069 -19.5811 13.506 -0.00200024
2.94 6.62997 -19.6204 13.506 -0.00199992
2.95 6.67259 -19.663 13.506 -0.00199956
2.96 6.71859 -19.709 13.506 -0.00199917
2.97 6.76802 -19.7584 13.506 -0.00199874
2.98 6.82092 -19.8113 13.506 -0.00199827
2.99 6.87735 -19.8678 13.506 -0.00199777
3 6.93737 -19.9278 13.506 -0.00199723
3.01 7.00104 -19.9915 13.506 -0.00199664
3.02 7.06842 -20.0589 13.506 -0.00199601
3.03 7.13958 -20.13 13.506 -0.00199533
3.04 7.21461 -20.205 13.506 -0.00199461
3.05 7.29356 -20.284 13.506 -0.00199382
3.06 7.37654 -20.367 13.506 -0.00199298
3.07 7.46362 -20.4541 13.5061 -0.00199208
3.08 7.55491 -20.5453 13.5061 -0.00199112
3.09 7.65049 -20.6409 13.5061 -0.00199008
3.1 7.75047 -20.7409 13.5061 -0.00198897
3.11 7.85496 -20.8454 13.5061 -0.00198779
3.12 7.96408 -20.9545 13.5061 -0.00198651
3.13 8.07795 -21.0684 13.5061 -0.00198515
3.14 8.19668 -21.1871 13.5061 -0.00198368
3.15 8.32042 -21.3109 13.5061 -0.00198211
3.16 8.44931 -21.4397 13.5061 -0.00198042
3.17 8.58349 -21.5739 13.5061 -0.00197861
3.18 8.72311 -21.7135 13.5061 -0.00197666
3.19 8.86833 -21.8588 13.5061 -0.00197457
3.2 9.01933 -22.0098 13.5061 -0.00197231
3.21 9.17627 -22.1667 13.5061 -0.00196989
3.22 9.33934 -22.3298 13.5061 -0.00196727
3.23 9.50873 -22.4992 13.5061 -0.00196445
3.24 9.68464 -22.6751 13.5061 -0.0019614
3.25 9.86727 -22.8577 13.5061 -0.00195811
3.26 10.0568 -23.0473 13.5061 -0.00195456
3.27 10.2536 -23.244 13.5061 -0.0019507
3.28 10.4577 -23.4481 13.5061 -0.00194653
3.29 10.6694 -23.6598 13.5061 -0.001942
3.3 10.889 -23.8794 13.5061 -0.00193709
3.31 11.1167 -24.1072 13.5061 -0.00193174
3.32 11.3528 -24.3433 13.5061 -0.00192593
3.33 11.5976 -24.588 13.5061 -0.00191959
3.34 11.8512 -24.8416 13.5061 -0.00191268
3.35 12.114 -25.1044 13.5061 -0.00190514
3.36 12.3862 -25.3767 13.5061 -0.0018969
3.37 12.6682 -25.6586 13.5061 -0.00188788
3.38 12.9601 -25.9505 13.5061 -0.00187801
3.39 13.2622 -26.2527 13.5061 -0.00186719
3.4 13.5749 -26.5653 13.5061 -0.00185531
3.41 13.8982 -26.8887 13.5061 -0.00184228
3.42 14.2325 -27.2229 13.5062 -0.00182794
3.43 14.5778 -27.5683 13.5062 -0.00181218
3.44 14.9345 -27.9249 13.5062 -0.00179484
3.45 15.3025 -28.293 13.5062 -0.00177575
3.46 15.682 -28.6725 13.5062 -0.00175472
3.47 16.0729 -29.0634 13.5062 -0.00173156
3.48 16.4752 -29.4657 13.5062 -0.00170604
3.49 16.8887 -29.8792 13.5062 -0.00167795
3.5 17.3132 -30.3037 13.5062 -0.00164703
3.51 17.7482 -30.7387 13.5062 -0.00161304
3.52 18.1933 -31.1838 13.5061 -0.00157571
3.53 18.6477 -31.6382 13.5061 -0.00153477
3.54 19.1106 -32.1011 13.5061 -0.00148998
3.55 19.5808 -32.5713 13.5061 -0.00144111
3.56 20.057 -33.0475 13.5061 -0.00138794
3.57 20.5376 -33.5282 13.5061 -0.00133034
3.58 21.0208 -34.0114 13.506 -0.00126822
3.59 21.5043 -34.4949 13.506 -0.00120161
3.6 21.9857 -34.9763 13.506 -0.00113065
3.61 22.462 -35.4527 13.5059 -0.00105565
3.62 22.9302 -35.9209 13.5058 -0.000977088
3.63 23.3867 -36.3775 13.5058 -0.000895674
3.64 23.8278 -36.8186 13.5057 -0.000812347
3.65 24.2493 -37.2401 13.5056 -0.000728301
3.66 24.6471 -37.638 13.5054 -0.000644977
3.67 25.0168 -38.0078 13.5053 -0.000564047
3.68 25.3541 -38.3451 13.5052 -0.000487371
3.69 25.6547 -38.6458 13.505 -0.000416933
3.7 25.9145 -38.9057 13.5048 -0.000354748
3.71 26.13 -39.1212 13.5047 -0.000302761
3.72 26.2978 -39.2892 13.5045 -0.000262726
3.73 26.4156 -39.407 13.5043 -0.000236087
3.74 26.4814 -39.4729 13.5041 -0.00022388
3.75 26.4941 -39.4857 13.5038 -0.000226645
3.76 26.4536 -39.4453 13.5036 -0.000244389
3.77 26.3605 -39.3523 13.5034 -0.000276582
3.78 26.2164 -39.2082 13.5032 -0.000322194
3.79 26.0233 -39.0152 13.5031 -0.000379772
3.8 25.7843 -38.7763 13.5029 -0.000447546
3.81 25.5027 -38.4948 13.5027 -0.000523541
3.82 25.1825 -38.1746 13.5026 -0.000605703
3.83 24.8278 -37.82 13.5024 -0.000692006
3.84 24.4429 -37.4351 13.5023 -0.000780545
3.85 24.0322 -37.0245 13.5022 -0.000869606
3.86 23.6 -36.5923 13.5021 -0.000957709
3.87 23.1504 -36.1428 13.5021 -0.00104363
3.88 22.6874 -35.6798 13.502 -0.00112641
3.89 22.2146 -35.207 13.5019 -0.00120533
3.9 21.7352 -34.7277 13.5019 -0.0012799
3.91 21.2525 -34.245 13.5018 -0.00134982
3.92 20.7688 -33.7614 13.5018 -0.00141495
3.93 20.2868 -33.2793 13.5018 -0.00147528
3.94 19.8083 -32.8008 13.5018 -0.00153091
3.95 19.335 -32.3276 13.5018 -0.001582
3.96 18.8685 -31.8611 13.5017 -0.00162878
3.97 18.41 -31.4026 13.5017 -0.00167149
3.98 17.9604 -30.953 13.5017 -0.00171042
3.99 17.5205 -30.5131 13.5017 -0.00174584
4 17.0909 -30.0836 13.5017 -0.00177802
4.01 16.6722 -29.6648 13.5017 -0.00180725
4.02 16.2645 -29.2571 13.5017 -0.00183377
4.03 15.8681 -28.8608 13.5017 -0.00185784
4.04 15.4832 -28.4758 13.5017 -0.00187968
4.05 15.1097 -28.1024 13.5017 -0.0018995
4.06 14.7476 -27.7403 13.5017 -0.00191749
4.07 14.3969 -27.3896 13.5017 -0.00193383
4.08 14.0574 -27.05 13.5017 -0.00194868
4.09 13.7288 -26.7215 13.5017 -0.00196219
4.1 13.4111 -26.4038 13.5017 -0.00197449
4.11 13.104 -26.0967 13.5017 -0.0019857
4.12 12.8072 -25.7999 13.5017 -0.00199592
4.13 12.5206 -25.5133 13.5018 -0.00200525
4.14 12.2437 -25.2364 13.5018 -0.00201378
4.15 11.9765 -24.9692 13.5018 -0.00202158
4.16 11.7185 -24.7112 13.5018 -0.00202873
4.17 11.4695 -24.4622 13.5018 -0.00203528
4.18 11.2294 -24.2221 13.5018 -0.0020413
4.19 10.9977 -23.9904 13.5018 -0.00204683
4.2 10.7743 -23.7669 13.5018 -0.00205192
4.21 10.5588 -23.5515 13.5018 -0.0020566
4.22 10.3511 -23.3438 13.5018 -0.00206092
4.23 10.1509 -23.1436 13.5018 -0.00206491
4.24 9.95793 -22.9506 13.5018 -0.00206859
4.25 9.77203 -22.7647 13.5018 -0.002072
4.26 9.59295 -22.5857 13.5018 -0.00207515
4.27 9.42049 -22.4132 13.5018 -0.00207807
4.28 9.25444 -22.2471 13.5018 -0.00208078
4.29 9.09461 -22.0873 13.5018 -0.0020833
4.3 8.94081 -21.9335 13.5018 -0.00208564
4.31 8.79287 -21.7856 13.5018 -0.00208781
4.32 8.65061 -21.6433 13.5018 -0.00208983
4.33 8.51388 -21.5066 13.5018 -0.00209171
4.34 8.3825 -21.3752 13.5018 -0.00209347
4.35 8.25634 -21.249 13.5018 -0.0020951
4.36 8.13526 -21.128 13.5018 -0.00209663
4.37 8.0191 -21.0118 13.5018 -0.00209805
4.38 7.90776 -20.9005 13.5018 -0.00209938
4.39 7.8011 -20.7938 13.5018 -0.00210062
4.4 7.699 -20.6917 13.5018 -0.00210178
4.41 7.60136 -20.5941 13.5018 -0.00210287
4.42 7.50806 -20.5008 13.5018 -0.00210388
4.43 7.41902 -20.4117 13.5018 -0.00210482
4.44 7.33412 -20.3268 13.5018 -0.0021057
4.45 7.25329 -20.246 13.5018 -0.00210653
4.46 7.17643 -20.1691 13.5018 -0.0021073
4.47 7.10347 -20.0962 13.5018 -0.00210801
4.48 7.03432 -20.027 13.5018 -0.00210868
4.49 6.96893 -19.9616 13.5018 -0.0021093
4.5 6.90721 -19.8999 13.5018 -0.00210988
4.51 6.84911 -19.8418 13.5018 -0.00211042
4.52 6.79457 -19.7873 13.5018 -0.00211092
4.53 6.74354 -19.7362 13.5018 -0.00211138
4.54 6.69595 -19.6887 13.5019 -0.0021118
4.55 6.65176 -19.6445 13.5019 -0.00211219
4.56 6.61094 -19.6036 13.5019 -0.00211255
4.57 6.57343 -19.5661 13.5019 -0.00211287
4.58 6.53921 -19.5319 13.5019 -0.00211317
4.59 6.50823 -19.5009 13.5019 -0.00211343
4.6 6.48047 -19.4732 13.5019 -0.00211367
4.61 6.4559 -19.4486 13.5019 -0.00211388
4.62 6.4345 -19.4272 13.5019 -0.00211406
4.63 6.41624 -19.4089 13.5019 -0.00211422
4.64 6.40111 -19.3938 13.5019 -0.00211435
4.65 6.38909 -19.3818 13.5019 -0.00211445
4.66 6.38017 -19.3729 13.5019 -0.00211453
4.67 6.37435 -19.3671 13.5019 -0.00211459
4.68 6.37161 -19.3643 13.5019 -0.00211462
4.69 6.37195 -19.3647 13.5019 -0.00211462
4.7 6.37538 -19.3681 13.5019 -0.0021146
4.71 6.3819 -19.3746 13.5019 -0.00211456
4.72 6.39151 -19.3842 13.5019 -0.00211449
4.73 6.40422 -19.3969 13.5019 -0.00211439
4.74 6.42005 -19.4128 13.5019 -0.00211427
4.75 6.43901 -19.4317 13.5019 -0.00211413
4.76 6.46112 -19.4538 13.5019 -0.00211396
4.77 6.4864 -19.4791 13.5019 -0.00211376
4.78 6.51488 -19.5076 13.5019 -0.00211353
4.79 6.54658 -19.5393 13.5019 -0.00211327
4.8 6.58154 -19.5742 13.5019 -0.00211298
4.81 6.61978 -19.6125 13.5019 -0.00211267
4.82 6.66135 -19.6541 13.5019 -0.00211232
4.83 6.7063 -19.699 13.5019 -0.00211194
4.84 6.75465 -19.7474 13.5019 -0.00211152
4.85 6.80647 -19.7992 13.5019 -0.00211107
4.86 6.8618 -19.8545 13.5019 -0.00211058
4.87 6.9207 -19.9134 13.5019 -0.00211004
4.88 6.98323 -19.9759 13.5019 -0.00210947
4.89 7.04946 -20.0422 13.5019 -0.00210885
4.9 7.11945 -20.1122 13.5019 -0.00210819
4.91 7.19328 -20.186 13.5019 -0.00210748
4.92 7.27102 -20.2637 13.5019 -0.00210671
4.93 7.35275 -20.3455 13.5019 -0.00210589
4.94 7.43857 -20.4313 13.5019 -0.002105
4.95 7.52856 -20.5213 13.5019 -0.00210406
4.96 7.62282 -20.6155 13.5019 -0.00210304
4.97 7.72145 -20.7142 13.5019 -0.00210196
4.98 7.82455 -20.8173 13.5019 -0.00210079
4.99 7.93225 -20.925 13.5019 -0.00209954
5 8.04466 -21.0374 13.5019 -0.0020982
