0 1 0 0 7.28
0.01 0.998028 -0.394335 0.0727522 7.26563
0.02 0.992126 -0.785529 0.145218 7.22278
0.03 0.982341 -1.17053 0.217116 7.15213
0.04 0.968748 -1.54647 0.288172 7.05479
0.05 0.951453 -1.91069 0.358128 6.93222
0.06 0.930584 -2.26086 0.42674 6.78622
0.07 0.906291 -2.59497 0.493782 6.61883
0.08 0.878745 -2.91139 0.559053 6.43225
0.09 0.848128 -3.20886 0.622372 6.2288
0.1 0.814636 -3.48646 0.683582 6.01083
0.11 0.778469 -3.74363 0.74255 5.78068
0.12 0.739833 -3.98014 0.799164 5.5406
0.13 0.698936 -4.19602 0.853337 5.29273
0.14 0.655982 -4.39154 0.905001 5.03909
0.15 0.611172 -4.56717 0.954107 4.7815
0.16 0.564703 -4.72355 1.00062 4.52164
0.17 0.516763 -4.86144 1.04454 4.26099
0.18 0.467534 -4.98168 1.08585 4.00085
0.19 0.417186 -5.08519 1.12456 3.74236
0.2 0.365883 -5.17291 1.1607 3.4865
0.21 0.313777 -5.2458 1.1943 3.23408
0.22 0.261013 -5.30483 1.2254 2.98579
0.23 0.207724 -5.35092 1.25404 2.74219
0.24 0.154035 -5.38499 1.28026 2.50373
0.25 0.100061 -5.40793 1.30413 2.27075
0.26 0.0459107 -5.42057 1.3257 2.04353
0.27 -0.00831831 -5.42372 1.34502 1.82226
0.28 -0.0625345 -5.41811 1.36216 1.60706
0.29 -0.116654 -5.40446 1.37718 1.398
0.3 -0.170599 -5.38343 1.39014 1.19512
0.31 -0.2243 -5.35562 1.40111 0.998404
0.32 -0.277691 -5.3216 1.41013 0.807805
0.33 -0.330713 -5.28191 1.41728 0.623258
0.34 -0.383312 -5.23703 1.42262 0.444675
0.35 -0.435438 -5.18741 1.4262 0.27195
0.36 -0.487046 -5.13345 1.42808 0.104965
0.37 -0.538094 -5.07555 1.42832 -0.0564088
0.38 -0.588545 -5.01405 1.42697 -0.212306
0.39 -0.638364 -4.94928 1.42409 -0.362868
0.4 -0.687521 -4.88151 1.41973 -0.508237
0.41 -0.735986 -4.81103 1.41394 -0.648559
0.42 -0.783733 -4.73809 1.40677 -0.783977
0.43 -0.83074 -4.66289 1.39828 -0.914638
0.44 -0.876984 -4.58567 1.3885 -1.04068
0.45 -0.922447 -4.50659 1.37748 -1.16225
0.46 -0.967111 -4.42583 1.36527 -1.27948
0.47 -1.01096 -4.34356 1.3519 -1.39251
0.48 -1.05398 -4.25992 1.33743 -1.50146
0.49 -1.09615 -4.17502 1.32189 -1.60646
0.5 -1.13747 -4.08901 1.30531 -1.70764
0.51 -1.17793 -4.00198 1.28775 -1.80512
0.52 -1.21751 -3.91404 1.26922 -1.899
0.53 -1.25621 -3.82528 1.24978 -1.98939
0.54 -1.29401 -3.73577 1.22945 -2.07641
0.55 -1.33092 -3.6456 1.20826 -2.16016
0.56 -1.36692 -3.55484 1.18625 -2.24072
0.57 -1.40202 -3.46354 1.16346 -2.3182
0.58 -1.43619 -3.37176 1.1399 -2.39269
0.59 -1.46945 -3.27957 1.11561 -2.46426
0.6 -1.50178 -3.18699 1.09062 -2.533
0.61 -1.53319 -3.09408 1.06496 -2.599
0.62 -1.56366 -3.00088 1.03865 -2.66231
0.63 -1.59321 -2.90742 1.01172 -2.72302
0.64 -1.62181 -2.81373 0.984201 -2.78119
0.65 -1.64948 -2.71983 0.956109 -2.83688
0.66 -1.67621 -2.62577 0.927472 -2.89016
0.67 -1.702 -2.53155 0.898313 -2.94108
0.68 -1.72684 -2.4372 0.868658 -2.9897
0.69 -1.75074 -2.34275 0.838527 -3.03608
0.7 -1.77369 -2.2482 0.807944 -3.08025
0.71 -1.7957 -2.15357 0.776929 -3.12227
0.72 -1.81677 -2.05887 0.745505 -3.16218
0.73 -1.83688 -1.96412 0.713693 -3.20002
0.74 -1.85605 -1.86932 0.681512 -3.23584
0.75 -1.87427 -1.77449 0.648982 -3.26966
0.76 -1.89154 -1.67963 0.616125 -3.30153
0.77 -1.90786 -1.58475 0.582958 -3.33148
0.78 -1.92323 -1.48986 0.549502 -3.35953
0.79 -1.93766 -1.39496 0.515774 -3.38571
0.8 -1.95113 -1.30005 0.481794 -3.41006
0.81 -1.96366 -1.20514 0.447579 -3.43259
0.82 -1.97523 -1.11023 0.413148 -3.45333
0.83 -1.98586 -1.01532 0.378518 -3.4723
0.84 -1.99554 -0.920412 0.343708 -3.48952
0.85 -2.00427 -0.825512 0.308734 -3.505
0.86 -2.01205 -0.730616 0.273613 -3.51876
0.87 -2.01888 -0.635727 0.238364 -3.53081
0.88 -2.02477 -0.540843 0.203003 -3.54117
0.89 -2.0297 -0.445964 0.167546 -3.54984
0.9 -2.03369 -0.35109 0.132012 -3.55683
0.91 -2.03672 -0.25622 0.0964152 -3.56216
0.92 -2.03881 -0.161352 0.0607739 -3.56582
0.93 -2.03995 -0.0664859 0.0251044 -3.56781
0.94 -2.04014 0.0283795 -0.0105769 -3.56815
0.95 -2.03938 0.123246 -0.0462532 -3.56683
0.96 -2.03767 0.218113 -0.0819079 -3.56385
0.97 -2.03502 0.312984 -0.117525 -3.5592
0.98 -2.03141 0.407858 -0.153086 -3.55289
0.99 -2.02686 0.502737 -0.188577 -3.5449
1 -2.02136 0.597622 -0.223979 -3.53523
1.01 -2.01491 0.692512 -0.259276 -3.52387
1.02 -2.00751 0.787409 -0.294451 -3.5108
1.03 -1.99916 0.882311 -0.329486 -3.49602
1.04 -1.98986 0.977219 -0.364365 -3.47952
1.05 -1.97962 1.07213 -0.399071 -3.46126
1.06 -1.96842 1.16705 -0.433585 -3.44124
1.07 -1.95628 1.26197 -0.46789 -3.41944
1.08 -1.94318 1.35688 -0.501967 -3.39583
1.09 -1.92914 1.4518 -0.5358 -3.37039
1.1 -1.91415 1.5467 -0.569369 -3.3431
1.11 -1.8982 1.64159 -0.602656 -3.31393
1.12 -1.88131 1.73647 -0.635641 -3.28284
1.13 -1.86348 1.83132 -0.668306 -3.24981
1.14 -1.84469 1.92614 -0.700631 -3.2148
1.15 -1.82495 2.02092 -0.732596 -3.17779
1.16 -1.80427 2.11565 -0.76418 -3.13871
1.17 -1.78264 2.21032 -0.795363 -3.09755
1.18 -1.76006 2.30492 -0.826124 -3.05425
1.19 -1.73654 2.39942 -0.856441 -3.00877
1.2 -1.71208 2.49383 -0.886292 -2.96106
1.21 -1.68667 2.58811 -0.915654 -2.91107
1.22 -1.66031 2.68225 -0.944506 -2.85875
1.23 -1.63302 2.77623 -0.972822 -2.80403
1.24 -1.60479 2.87002 -1.00058 -2.74687
1.25 -1.57562 2.96359 -1.02775 -2.68719
1.26 -1.54552 3.05692 -1.05431 -2.62492
1.27 -1.51448 3.14997 -1.08024 -2.56001
1.28 -1.48252 3.24269 -1.1055 -2.49238
1.29 -1.44963 3.33506 -1.13008 -2.42195
1.3 -1.41582 3.42703 -1.15393 -2.34864
1.31 -1.38109 3.51854 -1.17704 -2.27237
1.32 -1.34545 3.60954 -1.19937 -2.19305
1.33 -1.3089 3.69998 -1.22089 -2.11058
1.34 -1.27146 3.78977 -1.24157 -2.02488
1.35 -1.23311 3.87886 -1.26138 -1.93584
1.36 -1.19388 3.96716 -1.28028 -1.84336
1.37 -1.15377 4.05458 -1.29823 -1.74733
1.38 -1.11279 4.14103 -1.31521 -1.64764
1.39 -1.07095 4.22641 -1.33117 -1.54417
1.4 -1.02827 4.31058 -1.34608 -1.4368
1.41 -0.984747 4.39344 -1.3599 -1.32541
1.42 -0.940405 4.47484 -1.37258 -1.20986
1.43 -0.895256 4.55462 -1.38408 -1.09003
1.44 -0.849318 4.63263 -1.39436 -0.965771
1.45 -0.80261 4.70868 -1.40338 -0.836955
1.46 -0.755152 4.78257 -1.41109 -0.703435
1.47 -0.706967 4.85408 -1.41743 -0.565069
1.48 -0.658079 4.92297 -1.42237 -0.421711
1.49 -0.608517 4.98899 -1.42585 -0.273216
1.5 -0.55831 5.05185 -1.42782 -0.11944
1.51 -0.507492 5.11124 -1.42822 0.0397581
1.52 -0.456098 5.16683 -1.42701 0.204517
1.53 -0.404169 5.21824 -1.42411 0.374967
1.54 -0.351748 5.26507 -1.41949 0.551232
1.55 -0.298884 5.3069 -1.41307 0.733422
1.56 -0.245629 5.34325 -1.4048 0.921634
1.57 -0.192039 5.3736 -1.39462 1.11594
1.58 -0.138179 5.39741 -1.38246 1.3164
1.59 -0.0841149 5.41408 -1.36827 1.52304
1.6 -0.0299229 5.42297 -1.35198 1.73584
1.61 0.0243163 5.4234 -1.33353 1.95475
1.62 0.0785144 5.41462 -1.31286 2.17966
1.63 0.132576 5.39587 -1.28992 2.41042
1.64 0.186396 5.36631 -1.26464 2.64678
1.65 0.239863 5.32509 -1.23697 2.88842
1.66 0.292856 5.27131 -1.20685 3.13495
1.67 0.345244 5.20402 -1.17425 3.38585
1.68 0.396889 5.12228 -1.13913 3.64047
1.69 0.447639 5.02513 -1.10144 3.89807
1.7 0.497337 4.91161 -1.06116 4.15771
1.71 0.545814 4.78079 -1.01828 4.41835
1.72 0.592893 4.6318 -0.972794 4.67872
1.73 0.638388 4.46385 -0.924712 4.93743
1.74 0.682105 4.27624 -0.874057 5.19287
1.75 0.723846 4.06843 -0.820872 5.44327
1.76 0.763407 3.84007 -0.765216 5.6867
1.77 0.80058 3.59102 -0.707169 5.92106
1.78 0.83516 3.32141 -0.646834 6.14413
1.79 0.866943 3.03168 -0.584333 6.35361
1.8 0.895731 2.72259 -0.519816 6.54714
1.81 0.921336 2.39526 -0.453452 6.72239
1.82 0.943582 2.05118 -0.385437 6.87709
1.83 0.962312 1.69222 -0.315987 7.00914
1.84 0.977387 1.32059 -0.245337 7.11663
1.85 0.988692 0.938817 -0.173742 7.19796
1.86 0.996141 0.549692 -0.101469 7.25188
1.87 0.999674 0.15621 -0.0287985 7.27753
1.88 0.999264 -0.238516 0.0439858 7.27452
1.89 0.994913 -0.631337 0.116597 7.24288
1.9 0.986656 -1.01916 0.18875 7.18312
1.91 0.974559 -1.39902 0.260169 7.09618
1.92 0.958714 -1.76819 0.330588 6.98339
1.93 0.939241 -2.12419 0.399757 6.84643
1.94 0.916283 -2.46489 0.467444 6.68723
1.95 0.890002 -2.7885 0.533436 6.50796
1.96 0.860577 -3.09361 0.597545 6.3109
1.97 0.828197 -3.37917 0.659604 6.09838
1.98 0.793062 -3.64449 0.71947 5.87276
1.99 0.755377 -3.8892 0.777024 5.63633
2 0.715348 -4.11324 0.83217 5.39128
2.01 0.673181 -4.31678 0.88483 5.13968
2.02 0.62908 -4.50023 0.934949 4.88342
2.03 0.583243 -4.66415 0.98249 4.62425
2.04 0.535861 -4.80927 1.02743 4.36372
2.05 0.487118 -4.9364 1.06977 4.1032
2.06 0.43719 -5.04643 1.1095 3.84391
2.07 0.386243 -5.14029 1.14665 3.58687
2.08 0.334435 -5.21894 1.18125 3.33297
2.09 0.281912 -5.28333 1.21333 3.08294
2.1 0.228813 -5.33443 1.24292 2.83739
2.11 0.175265 -5.37315 1.27009 2.59682
2.12 0.121388 -5.40039 1.29488 2.3616
2.13 0.0672929 -5.417 1.31734 2.13205
2.14 0.013081 -5.4238 1.33754 1.90837
2.15 -0.041153 -5.42156 1.35553 1.69072
2.16 -0.0953225 -5.411 1.37138 1.4792
2.17 -0.149348 -5.3928 1.38514 1.27384
2.18 -0.203155 -5.36758 1.39687 1.07465
2.19 -0.256678 -5.33594 1.40665 0.881608
2.2 -0.309854 -5.29841 1.41453 0.694646
2.21 -0.362628 -5.25551 1.42056 0.513686
2.22 -0.414948 -5.20769 1.42482 0.338627
2.23 -0.466767 -5.15538 1.42735 0.169358
2.24 -0.518042 -5.09897 1.42823 0.0057526
2.25 -0.568734 -5.03883 1.42749 -0.152321
2.26 -0.618808 -4.97528 1.4252 -0.305002
2.27 -0.66823 -4.90864 1.42141 -0.452433
2.28 -0.716971 -4.83917 1.41617 -0.594757
2.29 -0.765005 -4.76714 1.40953 -0.73212
2.3 -0.812306 -4.69278 1.40154 -0.864667
2.31 -0.858854 -4.6163 1.39225 -0.99254
2.32 -0.904626 -4.5379 1.3817 -1.11588
2.33 -0.949606 -4.45776 1.36995 -1.23483
2.34 -0.993776 -4.37603 1.35702 -1.34952
2.35 -1.03712 -4.29288 1.34297 -1.46008
2.36 -1.07963 -4.20843 1.32783 -1.56665
2.37 -1.12129 -4.12281 1.31165 -1.66934
2.38 -1.16208 -4.03613 1.29446 -1.76828
2.39 -1.20201 -3.9485 1.2763 -1.86358
2.4 -1.24105 -3.86001 1.2572 -1.95535
2.41 -1.2792 -3.77075 1.2372 -2.0437
2.42 -1.31646 -3.6808 1.21634 -2.12874
2.43 -1.35282 -3.59022 1.19464 -2.21056
2.44 -1.38826 -3.49908 1.17214 -2.28925
2.45 -1.4228 -3.40745 1.14886 -2.36491
2.46 -1.45641 -3.31537 1.12485 -2.43763
2.47 -1.4891 -3.2229 1.10012 -2.50749
2.48 -1.52087 -3.13008 1.07471 -2.57456
2.49 -1.5517 -3.03694 1.04864 -2.63893
2.5 -1.58161 -2.94354 1.02194 -2.70066
2.51 -1.61057 -2.84989 0.994634 -2.75982
2.52 -1.6386 -2.75603 0.96675 -2.81648
2.53 -1.66569 -2.66199 0.938313 -2.8707
2.54 -1.69184 -2.56778 0.909344 -2.92255
2.55 -1.71705 -2.47344 0.879869 -2.97207
2.56 -1.74131 -2.37898 0.849911 -3.01931
2.57 -1.76463 -2.28442 0.819491 -3.06434
2.58 -1.787 -2.18977 0.788631 -3.1072
2.59 -1.80842 -2.09506 0.757354 -3.14793
2.6 -1.8289 -2.00028 0.72568 -3.18657
2.61 -1.84843 -1.90546 0.693629 -3.22317
2.62 -1.86701 -1.81059 0.661223 -3.25777
2.63 -1.88464 -1.7157 0.62848 -3.29039
2.64 -1.90132 -1.62078 0.595422 -3.32107
2.65 -1.91706 -1.52585 0.562065 -3.34985
2.66 -1.93184 -1.4309 0.528431 -3.37675
2.67 -1.94568 -1.33595 0.494536 -3.40181
2.68 -1.95856 -1.24099 0.460401 -3.42503
2.69 -1.9705 -1.14603 0.426042 -3.44646
2.7 -1.98148 -1.05107 0.391478 -3.4661
2.71 -1.99152 -0.95612 0.356726 -3.48398
2.72 -2.0006 -0.86117 0.321804 -3.50012
2.73 -2.00874 -0.766226 0.286729 -3.51453
2.74 -2.01593 -0.671287 0.251519 -3.52723
2.75 -2.02217 -0.576353 0.21619 -3.53823
2.76 -2.02746 -0.481424 0.18076 -3.54753
2.77 -2.0318 -0.386501 0.145245 -3.55516
2.78 -2.03519 -0.291581 0.109662 -3.56111
2.79 -2.03763 -0.196664 0.0740284 -3.56539
2.8 -2.03912 -0.10175 0.0383601 -3.568
2.81 -2.03966 -0.00683606 0.00267392 -3.56896
2.82 -2.03926 0.0880777 -0.0330135 -3.56825
2.83 -2.0379 0.182993 -0.0686856 -3.56588
2.84 -2.0356 0.27791 -0.104326 -3.56185
2.85 -2.03234 0.372831 -0.139917 -3.55615
2.86 -2.02814 0.467757 -0.175443 -3.54878
2.87 -2.02299 0.562687 -0.210887 -3.53973
2.88 -2.01689 0.657623 -0.246232 -3.52898
2.89 -2.00983 0.752565 -0.281461 -3.51654
2.9 -2.00183 0.847513 -0.316557 -3.50239
2.91 -1.99288 0.942467 -0.351503 -3.48651
2.92 -1.98299 1.03743 -0.386281 -3.46888
2.93 -1.97214 1.13239 -0.420875 -3.4495
2.94 -1.96034 1.22735 -0.455266 -3.42834
2.95 -1.94759 1.32232 -0.489436 -3.40539
2.96 -1.93389 1.41728 -0.523367 -3.38061
2.97 -1.91924 1.51223 -0.557042 -3.35398
2.98 -1.90365 1.60718 -0.590441 -3.32548
2.99 -1.8871 1.70211 -0.623545 -3.29508
3 -1.8696 1.79701 -0.656336 -3.26274
3.01 -1.85116 1.89189 -0.688793 -3.22844
3.02 -1.83177 1.98673 -0.720898 -3.19214
3.03 -1.81143 2.08153 -0.752629 -3.15379
3.04 -1.79014 2.17626 -0.783967 -3.11337
3.05 -1.7679 2.27093 -0.81489 -3.07083
3.06 -1.74472 2.36552 -0.845376 -3.02612
3.07 -1.72059 2.46001 -0.875405 -2.9792
3.08 -1.69552 2.55438 -0.904953 -2.93001
3.09 -1.6695 2.64862 -0.933997 -2.87851
3.1 -1.64255 2.7427 -0.962515 -2.82463
3.11 -1.61465 2.8366 -0.990482 -2.76833
3.12 -1.58582 2.9303 -1.01787 -2.70953
3.13 -1.55605 3.02375 -1.04466 -2.64817
3.14 -1.52534 3.11695 -1.07083 -2.58419
3.15 -1.49371 3.20983 -1.09634 -2.51751
3.16 -1.46115 3.30237 -1.12117 -2.44805
3.17 -1.42766 3.39453 -1.14529 -2.37575
3.18 -1.39326 3.48624 -1.16867 -2.30051
3.19 -1.35794 3.57747 -1.19129 -2.22225
3.2 -1.32171 3.66815 -1.21311 -2.14087
3.21 -1.28458 3.75822 -1.2341 -2.0563
3.22 -1.24655 3.8476 -1.25422 -1.96842
3.23 -1.20763 3.93622 -1.27345 -1.87713
3.24 -1.16783 4.024 -1.29175 -1.78233
3.25 -1.12715 4.11084 -1.30909 -1.68391
3.26 -1.08561 4.19663 -1.32542 -1.58175
3.27 -1.04322 4.28128 -1.34071 -1.47573
3.28 -0.999992 4.36464 -1.35492 -1.36573
3.29 -0.955935 4.4466 -1.36801 -1.25162
3.3 -0.911066 4.527 -1.37994 -1.13327
3.31 -0.865401 4.60568 -1.39066 -1.01055
3.32 -0.818959 4.68246 -1.40014 -0.883307
3.33 -0.771759 4.75715 -1.40831 -0.751412
3.34 -0.723823 4.82954 -1.41515 -0.614719
3.35 -0.675177 4.8994 -1.42059 -0.473083
3.36 -0.625845 4.96648 -1.42459 -0.326359
3.37 -0.575857 5.0305 -1.4271 -0.174404
3.38 -0.525246 5.09116 -1.42806 -0.0170726
3.39 -0.474046 5.14813 -1.42743 0.145773
3.4 -0.422297 5.20105 -1.42513 0.314266
3.41 -0.37004 5.24955 -1.42112 0.488534
3.42 -0.317322 5.29318 -1.41534 0.66869
3.43 -0.264194 5.3315 -1.40773 0.854838
3.44 -0.210712 5.36401 -1.39822 1.04706
3.45 -0.156935 5.39017 -1.38677 1.24542
3.46 -0.102932 5.4094 -1.3733 1.44995
3.47 -0.0487726 5.42107 -1.35775 1.66065
3.48 0.00546257 5.42452 -1.34006 1.87749
3.49 0.0596881 5.41903 -1.32018 2.10038
3.5 0.113811 5.40383 -1.29804 2.32916
3.51 0.16773 5.37812 -1.27358 2.56365
3.52 0.221336 5.34105 -1.24675 2.80354
3.53 0.27451 5.29172 -1.21749 3.04847
3.54 0.327126 5.22921 -1.18576 3.29795
3.55 0.379048 5.15258 -1.15152 3.5514
3.56 0.430128 5.06087 -1.11472 3.80809
3.57 0.480212 4.95311 -1.07535 4.06717
3.58 0.529134 4.82838 -1.03338 4.32762
3.59 0.576721 4.68577 -0.988798 4.58826
3.6 0.622788 4.52446 -0.941617 4.84774
3.61 0.667146 4.34371 -0.891854 5.10453
3.62 0.709596 4.14293 -0.839542 5.35691
3.63 0.749937 3.9217 -0.784737 5.60301
3.64 0.787963 3.6798 -0.727511 5.84077
3.65 0.823466 3.41726 -0.667958 6.06802
3.66 0.856242 3.13441 -0.606194 6.28249
3.67 0.88609 2.8319 -0.54236 6.48182
3.68 0.912819 2.51072 -0.476617 6.66367
3.69 0.936249 2.17223 -0.409153 6.82574
3.7 0.956214 1.81818 -0.340177 6.96586
3.71 0.97257 1.45065 -0.269916 7.08206
3.72 0.985193 1.07207 -0.198621 7.17261
3.73 0.993986 0.685142 -0.126555 7.23614
3.74 0.99888 0.292808 -0.053992 7.27166
3.75 0.999837 -0.101856 0.0187832 7.27859
3.76 0.996848 -0.495704 0.0914843 7.25682
3.77 0.989938 -0.885614 0.163826 7.20672
3.78 0.979162 -1.26857 0.235527 7.12906
3.79 0.964602 -1.64175 0.30632 7.02505
3.8 0.94637 -2.00259 0.375947 6.89625
3.81 0.924601 -2.34882 0.444169 6.74451
3.82 0.899451 -2.67854 0.510768 6.57194
3.83 0.871092 -2.99021 0.575547 6.38076
3.84 0.839712 -3.28266 0.638331 6.17332
3.85 0.805507 -3.55506 0.698969 5.95197
3.86 0.768681 -3.80695 0.757333 5.71901
3.87 0.729439 -4.03815 0.813319 5.47669
3.88 0.687987 -4.24877 0.866844 5.22711
3.89 0.644532 -4.43914 0.917845 4.97224
3.9 0.599271 -4.60976 0.966278 4.71387
3.91 0.552401 -4.76132 1.01212 4.45362
3.92 0.504106 -4.89459 1.05535 4.19293
3.93 0.454567 -5.01045 1.09598 3.93306
3.94 0.403953 -5.10981 1.13402 3.6751
3.95 0.352423 -5.19362 1.16949 3.41999
3.96 0.300129 -5.26285 1.20243 3.16852
3.97 0.247212 -5.31844 1.23288 2.92132
3.98 0.193803 -5.36135 1.26088 2.67894
3.99 0.140024 -5.39246 1.28647 2.4418
4 0.0859901 -5.41265 1.30973 2.21023
4.01 0.031805 -5.42275 1.3307 1.98446
4.02 -0.022434 -5.42355 1.34944 1.76467
4.03 -0.0766375 -5.41578 1.36601 1.55099
4.04 -0.130723 -5.40014 1.38048 1.34346
4.05 -0.184616 -5.37727 1.3929 1.14211
4.06 -0.238247 -5.34777 1.40334 0.946907
4.07 -0.291551 -5.3122 1.41186 0.757815
4.08 -0.344472 -5.27109 1.41852 0.574756
4.09 -0.396956 -5.2249 1.42338 0.397637
4.1 -0.448955 -5.17407 1.42649 0.226348
4.11 -0.500424 -5.11901 1.42792 0.0607679
4.12 -0.551323 -5.0601 1.42773 -0.0992328
4.13 -0.601614 -4.99767 1.42596 -0.253791
4.14 -0.651265 -4.93204 1.42267 -0.403048
4.15 -0.700245 -4.86349 1.41791 -0.547148
4.16 -0.748527 -4.79229 1.41174 -0.686235
4.17 -0.796083 -4.71868 1.40421 -0.820455
4.18 -0.842893 -4.64288 1.39535 -0.949951
4.19 -0.888934 -4.56509 1.38522 -1.07487
4.2 -0.934189 -4.4855 1.37387 -1.19534
4.21 -0.978639 -4.40427 1.36133 -1.3115
4.22 -1.02227 -4.32155 1.34765 -1.4235
4.23 -1.06507 -4.2375 1.33287 -1.53145
4.24 -1.10702 -4.15224 1.31704 -1.63548
4.25 -1.14811 -4.06588 1.30018 -1.73572
4.26 -1.18833 -3.97853 1.28233 -1.83228
4.27 -1.22767 -3.89029 1.26354 -1.92527
4.28 -1.26613 -3.80124 1.24384 -2.0148
4.29 -1.3037 -3.71148 1.22326 -2.10098
4.3 -1.34036 -3.62107 1.20183 -2.18391
4.31 -1.37612 -3.53008 1.17959 -2.26368
4.32 -1.41096 -3.43857 1.15657 -2.34039
4.33 -1.44489 -3.3466 1.13279 -2.41412
4.34 -1.47789 -3.25422 1.1083 -2.48496
4.35 -1.50997 -3.16147 1.0831 -2.55299
4.36 -1.54112 -3.0684 1.05725 -2.61829
4.37 -1.57134 -2.97504 1.03075 -2.68092
4.38 -1.60062 -2.88143 1.00364 -2.74096
4.39 -1.62897 -2.7876 0.975937 -2.79848
4.4 -1.65637 -2.69357 0.947675 -2.85354
4.41 -1.68284 -2.59938 0.918874 -2.90619
4.42 -1.70836 -2.50504 0.889559 -2.9565
4.43 -1.73294 -2.41057 0.859751 -3.00453
4.44 -1.75657 -2.316 0.829475 -3.05031
4.45 -1.77926 -2.22134 0.798753 -3.0939
4.46 -1.801 -2.1266 0.767605 -3.13535
4.47 -1.82179 -2.03179 0.736053 -3.1747
4.48 -1.84163 -1.93694 0.704117 -3.21199
4.49 -1.86053 -1.84204 0.671819 -3.24727
4.5 -1.87847 -1.74711 0.639179 -3.28055
4.51 -1.89547 -1.65216 0.606215 -3.31189
4.52 -1.91152 -1.55718 0.572947 -3.34131
4.53 -1.92661 -1.46219 0.539395 -3.36884
4.54 -1.94076 -1.3672 0.505577 -3.39451
4.55 -1.95396 -1.27219 0.471511 -3.41834
4.56 -1.9662 -1.17719 0.437216 -3.44036
4.57 -1.9775 -1.08218 0.40271 -3.4606
4.58 -1.98785 -0.98718 0.36801 -3.47907
4.59 -1.99724 -0.892182 0.333134 -3.49578
4.6 -2.00569 -0.797188 0.2981 -3.51076
4.61 -2.01319 -0.702199 0.262925 -3.52402
4.62 -2.01974 -0.607216 0.227626 -3.53557
4.63 -2.02533 -0.512238 0.192219 -3.54543
4.64 -2.02998 -0.417265 0.156723 -3.5536
4.65 -2.03368 -0.322296 0.121153 -3.5601
4.66 -2.03643 -0.227331 0.0855261 -3.56492
4.67 -2.03822 -0.132367 0.0498597 -3.56808
4.68 -2.03907 -0.0374055 0.0141701 -3.56957
4.69 -2.03897 0.0575562 -0.0215261 -3.5694
4.7 -2.03792 0.152519 -0.0572123 -3.56756
4.71 -2.03592 0.247484 -0.0928718 -3.56406
4.72 -2.03297 0.342452 -0.128488 -3.5589
4.73 -2.02907 0.437423 -0.164044 -3.55206
4.74 -2.02422 0.5324 -0.199524 -3.54354
4.75 -2.01843 0.627382 -0.234909 -3.53333
4.76 -2.01168 0.72237 -0.270184 -3.52142
4.77 -2.00398 0.817364 -0.305332 -3.50781
4.78 -1.99533 0.912364 -0.340335 -3.49247
4.79 -1.98573 1.00737 -0.375176 -3.4754
4.8 -1.97518 1.10238 -0.409837 -3.45656
4.81 -1.96368 1.19739 -0.444301 -3.43596
4.82 -1.95123 1.2924 -0.47855 -3.41356
4.83 -1.93784 1.38741 -0.512566 -3.38935
4.84 -1.92349 1.48242 -0.546331 -3.36329
4.85 -1.90819 1.57741 -0.579826 -3.33537
4.86 -1.89194 1.67239 -0.613032 -3.30556
4.87 -1.87474 1.76735 -0.645931 -3.27382
4.88 -1.85659 1.86228 -0.678502 -3.24012
4.89 -1.83749 1.95718 -0.710726 -3.20443
4.9 -1.81745 2.05204 -0.742584 -3.16671
4.91 -1.79645 2.14684 -0.774054 -3.12692
4.92 -1.77451 2.24158 -0.805115 -3.08502
4.93 -1.75162 2.33623 -0.835747 -3.04097
4.94 -1.72779 2.4308 -0.865927 -2.99472
4.95 -1.70301 2.52525 -0.895634 -2.94622
4.96 -1.67728 2.61958 -0.924844 -2.89542
4.97 -1.65062 2.71375 -0.953535 -2.84226
4.98 -1.62301 2.80775 -0.981682 -2.78669
4.99 -1.59446 2.90156 -1.00926 -2.72864
5 -1.56498 2.99513 -1.03625 -2.66805
