  0.0000   0       815733000.000000               0.000000               0.000000         1074816.000000
  0.1000   0       808263719.786117      -149854230.803143          107155.429177         1064881.627917
  0.2000   0       785574572.711372      -305434655.262684          212274.102073         1033545.434315
  0.3000   0       746759682.695002      -473762624.343139          312990.607732          975520.833938
  0.4000   0       690066282.707146      -665244107.733884          406123.683695          879033.663490
  0.5000   0       612356788.512280      -898411947.829982          486698.305747          717730.766608
  0.6000   0       507726939.782172     -1214284439.226639          545397.318292          422462.127817
  0.7000   0       362919370.353846     -1741896982.112794          559140.887775         -267836.199452
  0.8000   0       125753480.244903     -3684993823.768303          407263.890758        -4962105.547647
  0.9000   0     -1088331749.639281    -13798958037.842739        -5831219.255341       -74739630.375576
  1.0000   0     -2465866455.003921    -13761883422.681398       -13292503.440747       -74540389.344397
  1.1000   0     -3841452635.714506    -13751411075.579687       -20743294.402159       -74483888.882509
  1.2000   0     -5216320677.398867    -13746463250.127956       -28190208.361117       -74457160.544690
  1.3000   0     -6590811390.264256    -13743579978.261114       -35635083.315715       -74441575.006440
  1.4000   0     -7965068910.766965    -13741691901.984758       -43078697.500321       -74431365.015179
  1.5000   0     -9339167879.454309    -13740359523.783115       -50521454.184134       -74424158.126931
  1.6000   0    -10713151992.996243    -13739368952.284466       -57963589.552525       -74418799.067004
  1.7000   0    -12087049050.948532    -13738603594.459890       -65405253.910273       -74414657.833939
  1.8000   0    -13460877840.022772    -13737994475.628944       -72846548.854847       -74411361.615548
  1.9000   0    -14834651653.106169    -13737498180.119839       -80287546.285916       -74408675.692635
  2.0000   0    -16208380242.468590    -13737086015.536865       -87728298.959687       -74406444.915831
  2.1000   0    -17582070975.334190    -13736738258.955309       -95168846.734672       -74404562.620422
  2.2000   0    -18955729553.359657    -13736440905.899048      -102609220.461172       -74402953.058350
  2.3000   0    -20329360479.727356    -13736183737.813299      -110049444.506784       -74401560.953081
  2.4000   0    -21702967373.166767    -13735959123.657091      -117489538.454504       -74400345.021250
  2.5000   0    -23076553185.416489    -13735761249.625275      -124929518.278818       -74399273.808086
  2.6000   0    -24450120355.702339    -13735585608.582478      -132369397.181237       -74398322.926669
  2.7000   0    -25823670922.929104    -13735428652.481260      -139809186.197176       -74397473.178263
  2.8000   0    -27197206608.758648    -13735287550.129547      -147248894.645378       -74396709.242247
  2.9000   0    -28570728880.194866    -13735160014.845579      -154688530.466508       -74396018.743937
  3.0000   0    -29944238997.457664    -13735044179.554926      -162128100.482165       -74395391.578965
  3.1000   0    -31317738051.109875    -13734938504.761440      -169567610.595767       -74394819.415438
  3.2000   0    -32691226991.208252    -13734841709.721830      -177007065.950288       -74394295.321607
  3.3000   0    -34064706650.450344    -13734752720.273451      -184446471.053511       -74393813.483601
  3.4000   0    -35438177762.742668    -13734670628.796432      -191885829.878504       -74393368.988807
  3.5000   0    -36811640978.235916    -13734594663.140312      -199325145.944994       -74392957.657742
  3.6000   0    -38185096875.604256    -13734524162.257742      -206764422.385812       -74392575.912206
  3.7000   0    -39558545972.153687    -13734458556.914841      -214203662.001606       -74392220.670905
  3.8000   0    -40931988732.204231    -13734397354.285650      -221642867.306205       -74391889.266084
  3.9000   0    -42305425574.088074    -13734340125.547859      -229082040.564492       -74391579.376406
  4.0000   0    -43678856876.029236    -13734286495.819014      -236521183.824235       -74391288.972484
  4.1000   0    -45052282981.112526    -13734236135.933832      -243960298.942976       -74391016.272383
  4.2000   0    -46425704201.506027    -13734188755.681168      -251399387.610887       -74390759.705023
  4.3000   0    -47799120822.067886    -13734144098.207090      -258838451.370297       -74390517.879879
  4.4000   0    -49172533103.441856    -13734101935.356009      -266277491.632443       -74390289.561775
  4.5000   0    -50545941284.726448    -13734062063.771402      -273716509.691921       -74390073.649772
  4.6000   0    -51919345585.786003    -13734024301.615522      -281155506.739197       -74389869.159419
  4.7000   0    -53292746209.260040    -13733988485.796362      -288594483.871480       -74389675.207740
  4.8000   0    -54666143342.316895    -13733954469.612654      -296033442.102222       -74389491.000490
  4.9000   0    -56039537158.189613    -13733922120.745226      -303472382.369426       -74389315.821278
  5.0000   0    -57412927817.525970    -13733891319.536676      -310911305.542956       -74389149.022263
  5.1000   0    -58786315469.578751    -13733861957.512175      -318350212.430983       -74388990.016136
  5.2000   0    -60159700253.258682    -13733833936.102968      -325789103.785683       -74388838.269222
  5.3000   0    -61533082298.068382    -13733807165.540796      -333227980.308294       -74388693.295485
  5.4000   0    -62906461724.933197    -13733781563.897135      -340666842.653613       -74388554.651336
  5.5000   0    -64279838646.942421    -13733757056.245659      -348105691.434011       -74388421.931092
  5.6000   0    -65653213170.012009    -13733733573.929802      -355544527.223018       -74388294.763015
  5.7000   0    -67026585393.478745    -13733711053.920357      -362983350.558543       -74388172.805833
  5.8000   0    -68399955410.634102    -13733689438.250511      -370422161.945759       -74388055.745683
  5.9000   0    -69773323309.205063    -13733668673.517597      -377860961.859714       -74387943.293413
  6.0000   0    -71146689171.788071    -13733648710.442522      -385299750.747673       -74387835.182194
  6.1000   0    -72520053076.241409    -13733629503.479313      -392738529.031248       -74387731.165410
  6.2000   0    -73893415096.040863    -13733611010.468184      -400177297.108320       -74387631.014781
  6.3000   0    -75266775300.602539    -13733593192.326544      -407616055.354787       -74387534.518684
  6.4000   0    -76640133755.576660    -13733576012.773329      -415054804.126157       -74387441.480667
  6.5000   0    -78013490523.114990    -13733559438.082359      -422493543.758996       -74387351.718109
  6.6000   0    -79386845662.115189    -13733543436.861341      -429932274.572247       -74387265.061028
  6.7000   0    -80760199228.444046    -13733527979.853409      -437370996.868442       -74387181.351001
  6.8000   0    -82133551275.141968    -13733513039.758612      -444809710.934811       -74387100.440204
  6.9000   0    -83506901852.610397    -13733498591.072941      -452248417.044290       -74387022.190534
  7.0000   0    -84880251008.784180    -13733484609.943075      -459687115.456463       -74386946.472827
  7.1000   0    -86253598789.289749    -13733471074.034937      -467125806.418411       -74386873.166147
  7.2000   0    -87626945237.591171    -13733457962.414639      -474564490.165507       -74386802.157135
  7.3000   0    -89000290395.124649    -13733445255.440439      -482003166.922144       -74386733.339434
  7.4000   0    -90373634301.422577    -13733432934.664593      -489441836.902404       -74386666.613146
  7.5000   0    -91746976994.228622    -13733420982.743935      -496880500.310684       -74386601.884359
  7.6000   0    -93120318509.603928    -13733409383.358450      -504319157.342271       -74386539.064699
  7.7000   0    -94493658882.025696    -13733398121.136925      -511757808.183873       -74386478.070929
  7.8000   0    -95866998144.478607    -13733387181.588978      -519196453.014117       -74386418.824582
  7.9000   0    -97240336328.539719    -13733376551.042835      -526635092.004007       -74386361.251624
  8.0000   0    -98613673464.457397    -13733366216.588371      -534073725.317352       -74386305.282145
  8.1000   0    -99987009581.225006    -13733356166.024755      -541512353.111166       -74386250.850076
  8.2000   0   -101360344706.649261    -13733346387.812420      -548950975.536036       -74386197.892926
  8.3000   0   -102733678867.414032    -13733336871.028866      -556389592.736469       -74386146.351550
  8.4000   0   -104107012089.140182    -13733327605.327942      -563828204.851214       -74386096.169920
  8.5000   0   -105480344396.441162    -13733318580.902330      -571266812.013568       -74386047.294927
  8.6000   0   -106853675812.975204    -13733309788.448925      -578705414.351653       -74385999.676193
  8.7000   0   -108227006361.494125    -13733301219.136833      -586144011.988683       -74385953.265897
  8.8000   0   -109600336063.888992    -13733292864.577810      -593582605.043210       -74385908.018613
  8.9000   0   -110973664941.233002    -13733284716.798826      -601021193.629358       -74385863.891165
  9.0000   0   -112346993013.821838    -13733276768.216732      -608459777.857040       -74385820.842489
  9.1000   0   -113720320301.211304    -13733269011.614672      -615898357.832163       -74385778.833502
  9.2000   0   -115093646822.252945    -13733261440.120274      -623336933.656820       -74385737.826988
  9.3000   0   -116466972595.127457    -13733254047.185314      -630775505.429471       -74385697.787487
  9.4000   0   -117840297637.376099    -13733246826.566830      -638214073.245112       -74385658.681191
  9.5000   0   -119213621965.930389    -13733239772.309538      -645652637.195439       -74385620.475849
  9.6000   0   -120586945597.140030    -13733232878.729465      -653091197.368996       -74385583.140680
  9.7000   0   -121960268546.799225    -13733226140.398640      -660529753.851319       -74385546.646291
  9.8000   0   -123333590830.171585    -13733219552.130871      -667968306.725071       -74385510.964595
  9.9000   0   -124706912462.013611    -13733213108.968430      -675406856.070170       -74385476.068744
 10.0000   0   -126080233456.597031    -13733206806.169592      -682845401.963905       -74385441.933060
 10.1000   0   -127453553827.729599    -13733200639.196995      -690283944.481055       -74385408.532971
 10.2000   0   -128826873588.775162    -13733194603.706785      -697722483.693996       -74385375.844954
 10.3000   0   -130200192752.672424    -13733188695.538368      -705161019.672800       -74385343.846475
 10.4000   0   -131573511331.952713    -13733182910.704863      -712599552.485333       -74385312.515945
 10.5000   0   -132946829338.757126    -13733177245.384123      -720038082.197347       -74385281.832665
 10.6000   0   -134320146784.852325    -13733171695.910326      -727476608.872569       -74385251.776783
 10.7000   0   -135693463681.645905    -13733166258.766062      -734915132.572778       -74385222.329249
 10.8000   0   -137066780040.200851    -13733160930.574890      -742353653.357890       -74385193.471780
 10.9000   0   -138440095871.249207    -13733155708.094343      -749792171.286026       -74385165.186814
 11.0000   0   -139813411185.205231    -13733150588.209354      -757230686.413588       -74385137.457483
 11.1000   0   -141186725992.177795    -13733145567.926054      -764669198.795323       -74385110.267572
 11.2000   0   -142560040301.982178    -13733140644.365944      -772107708.484388       -74385083.601494
 11.3000   0   -143933354124.151367    -13733135814.760408      -779546215.532413       -74385057.444254
 11.4000   0   -145306667467.946716    -13733131076.445456      -786984719.989554       -74385031.781426
 11.5000   0   -146679980342.368317    -13733126426.856899      -794423221.904555       -74385006.599123
 11.6000   0   -148053292756.164551    -13733121863.525682      -801861721.324794       -74384981.883974
 11.7000   0   -149426604717.841370    -13733117384.073519      -809300218.296340       -74384957.623098
 11.8000   0   -150799916235.671478    -13733112986.208759      -816738712.863995       -74384933.804085
 11.9000   0   -152173227317.702454    -13733108667.722483      -824177205.071343       -74384910.414973
 12.0000   0   -153546537971.765045    -13733104426.484791      -831615694.960795       -74384887.444227
 12.1000   0   -154919848205.480743    -13733100260.441319      -839054182.573627       -74384864.880720
 12.2000   0   -156293158026.269196    -13733096167.609894      -846492667.950024       -74384842.713719
 12.3000   0   -157666467441.355499    -13733092146.077427      -853931151.129113       -74384820.932862
 12.4000   0   -159039776457.776550    -13733088193.996885      -861369632.149008       -74384799.528147
 12.5000   0   -160413085082.387848    -13733084309.584509      -868808111.046836       -74384778.489914
 12.6000   0   -161786393321.869568    -13733080491.117086      -876246587.858776       -74384757.808830
 12.7000   0   -163159701182.732452    -13733076736.929424      -883685062.620090       -74384737.475877
 12.8000   0   -164533008671.323456    -13733073045.411945      -891123535.365152       -74384717.482338
 12.9000   0   -165906315793.831512    -13733069415.008356      -898562006.127480       -74384697.819785
 13.0000   0   -167279622556.292206    -13733065844.213459      -906000474.939763       -74384678.480065
 13.1000   0   -168652928964.593201    -13733062331.571106      -913438941.833886       -74384659.455294
 13.2000   0   -170026235024.478851    -13733058875.672167      -920877406.840963       -74384640.737839
 13.3000   0   -171399540741.555023    -13733055475.152700      -928315869.991352       -74384622.320315
 13.4000   0   -172772846121.293274    -13733052128.692120      -935754331.314687       -74384604.195568
 13.5000   0   -174146151169.035187    -13733048835.011494      -943192790.839898       -74384586.356672
 13.6000   0   -175519455889.996429    -13733045592.871925      -950631248.595233       -74384568.796919
 13.7000   0   -176892760289.270752    -13733042401.072990      -958069704.608279       -74384551.509806
 13.8000   0   -178266064371.833801    -13733039258.451246      -965508158.905983       -74384534.489033
 13.9000   0   -179639368142.546539    -13733036163.878836      -972946611.514673       -74384517.728493
 14.0000   0   -181012671606.158997    -13733033116.262127      -980385062.460073       -74384501.222261
 14.1000   0   -182385974767.313385    -13733030114.540434      -987823511.767327       -74384484.964593
 14.2000   0   -183759277630.547546    -13733027157.684771      -995261959.461010       -74384468.949917
 14.3000   0   -185132580200.297913    -13733024244.696688     -1002700405.565151       -74384453.172826
 14.4000   0   -186505882480.902527    -13733021374.607136     -1010138850.103243       -74384437.628071
 14.5000   0   -187879184476.603943    -13733018546.475416     -1017577293.098264       -74384422.310557
 14.6000   0   -189252486191.552094    -13733015759.388119     -1025015734.572689       -74384407.215338
 14.7000   0   -190625787629.806793    -13733013012.458160     -1032454174.548508       -74384392.337610
 14.8000   0   -191999088795.340546    -13733010304.823847     -1039892613.047234       -74384377.672706
 14.9000   0   -193372389692.040710    -13733007635.647951     -1047331050.089923       -74384363.216091
 15.0000   0   -194745690323.712402    -13733005004.116861     -1054769485.697180       -74384348.963359
 15.1000   0   -196118990694.080292    -13733002409.439760     -1062207919.889181       -74384334.910227
 15.2000   0   -197492290806.791107    -13732999850.847836     -1069646352.685675       -74384321.052532
 15.3000   0   -198865590665.415894    -13732997327.593500     -1077084784.106003       -74384307.386225
 15.4000   0   -200238890273.451874    -13732994838.949671     -1084523214.169106       -74384293.907367
 15.5000   0   -201612189634.324585    -13732992384.209095     -1091961642.893535       -74384280.612130
 15.6000   0   -202985488751.389740    -13732989962.683640     -1099400070.297468       -74384267.496785
 15.7000   0   -204358787627.935272    -13732987573.703688     -1106838496.398709       -74384254.557706
 15.8000   0   -205732086267.182983    -13732985216.617481     -1114276921.214709       -74384241.791363
 15.9000   0   -207105384672.290314    -13732982890.790565     -1121715344.762568       -74384229.194321
 16.0000   0   -208478682846.352295    -13732980595.605200     -1129153767.059050       -74384216.763234
 16.1000   0   -209851980792.402649    -13732978330.459808     -1136592188.120584       -74384204.494843
 16.2000   0   -211225278513.416199    -13732976094.768473     -1144030607.963282       -74384192.385976
 16.3000   0   -212598576012.309540    -13732973887.960396     -1151469026.602941       -74384180.433541
 16.4000   0   -213971873291.943085    -13732971709.479450     -1158907444.055053       -74384168.634526
 16.5000   0   -215345170355.122314    -13732969558.783682     -1166345860.334812       -74384156.985996
 16.6000   0   -216718467204.599243    -13732967435.344887     -1173784275.457124       -74384145.485090
 16.7000   0   -218091763843.073700    -13732965338.648157     -1181222689.436610       -74384134.129020
 16.8000   0   -219465060273.194733    -13732963268.191475     -1188661102.287617       -74384122.915067
 16.9000   0   -220838356497.561768    -13732961223.485315     -1196099514.024225       -74384111.840580
 17.0000   0   -222211652518.725861    -13732959204.052244     -1203537924.660250       -74384100.902972
 17.1000   0   -223584948339.190857    -13732957209.426569     -1210976334.209253       -74384090.099722
 17.2000   0   -224958243961.414795    -13732955239.153946     -1218414742.684546       -74384079.428369
 17.3000   0   -226331539387.810638    -13732953292.791100     -1225853150.099200       -74384068.886512
 17.4000   0   -227704834620.747742    -13732951369.905413     -1233291556.466045       -74384058.471809
 17.5000   0   -229078129662.552521    -13732949470.074654     -1240729961.797682       -74384048.181972
 17.6000   0   -230451424515.509888    -13732947592.886665     -1248168366.106486       -74384038.014769
 17.7000   0   -231824719181.863800    -13732945737.939034     -1255606769.404611       -74384027.968022
 17.8000   0   -233198013663.818634    -13732943904.838846     -1263045171.703995       -74384018.039601
 17.9000   0   -234571307963.539886    -13732942093.202377     -1270483573.016368       -74384008.227429
 18.0000   0   -235944602083.155060    -13732940302.654846     -1277921973.353251       -74383998.529476
 18.1000   0   -237317896024.754669    -13732938532.830139     -1285360372.725966       -74383988.943759
 18.2000   0   -238691189790.393066    -13732936783.370569     -1292798771.145642       -74383979.468340
 18.3000   0   -240064483382.089294    -13732935053.926643     -1300237168.623212       -74383970.101328
 18.4000   0   -241437776801.827667    -13732933344.156815     -1307675565.169424       -74383960.840872
 18.5000   0   -242811070051.558899    -13732931653.727249     -1315113960.794843       -74383951.685164
 18.6000   0   -244184363133.200592    -13732929982.311642     -1322552355.509855       -74383942.632437
 18.7000   0   -245557656048.638153    -13732928329.590981     -1329990749.324672       -74383933.680964
 18.8000   0   -246930948799.725433    -13732926695.253353     -1337429142.249334       -74383924.829054
 18.9000   0   -248304241388.285431    -13732925078.993740     -1344867534.293714       -74383916.075056
 19.0000   0   -249677533816.110901    -13732923480.513851     -1352305925.467522       -74383907.417355
 19.1000   0   -251050826084.965271    -13732921899.521894     -1359744315.780310       -74383898.854369
 19.2000   0   -252424118196.582977    -13732920335.732443     -1367182705.241471       -74383890.384554
 19.3000   0   -253797410152.670197    -13732918788.866259     -1374621093.860245       -74383882.006397
 19.4000   0   -255170701954.905640    -13732917258.650095     -1382059481.645726       -74383873.718417
 19.5000   0   -256543993604.940857    -13732915744.816578     -1389497868.606857       -74383865.519168
 19.6000   0   -257917285104.401031    -13732914247.103994     -1396936254.752440       -74383857.407231
 19.7000   0   -259290576454.885223    -13732912765.256212     -1404374640.091139       -74383849.381219
 19.8000   0   -260663867657.967499    -13732911299.022480     -1411813024.631475       -74383841.439775
 19.9000   0   -262037158715.196899    -13732909848.157288     -1419251408.381840       -74383833.581568
 20.0000   0   -263410449628.098206    -13732908412.420286     -1426689791.350493       -74383825.805297
 20.1000   0   -264783740398.172424    -13732906991.576069     -1434128173.545562       -74383818.109686
 20.2000   0   -266157031026.897278    -13732905585.394125     -1441566554.975051       -74383810.493488
 20.3000   0   -267530321515.727631    -13732904193.648653     -1449004935.646840       -74383802.955480
 20.4000   0   -268903611866.096069    -13732902816.118464     -1456443315.568687       -74383795.494463
 20.5000   0   -270276902079.413269    -13732901452.586876     -1463881694.748234       -74383788.109264
 20.6000   0   -271650192157.068420    -13732900102.841579     -1471320073.193004       -74383780.798733
 20.7000   0   -273023482100.429718    -13732898766.674541     -1478758450.910408       -74383773.561743
 20.8000   0   -274396771910.844696    -13732897443.881899     -1486196827.907744       -74383766.397191
 20.9000   0   -275770061589.640808    -13732896134.263838     -1493635204.192201       -74383759.303994
 21.0000   0   -277143351138.125671    -13732894837.624514     -1501073579.770862       -74383752.281091
 21.1000   0   -278516640557.587585    -13732893553.771936     -1508511954.650704       -74383745.327443
 21.2000   0   -279889929849.295837    -13732892282.517897     -1515950328.838602       -74383738.442030
 21.3000   0   -281263219014.500916    -13732891023.677847     -1523388702.341329       -74383731.623852
 21.4000   0   -282636508054.435120    -13732889777.070831     -1530827075.165559       -74383724.871931
 21.5000   0   -284009796970.312927    -13732888542.519402     -1538265447.317869       -74383718.185304
 21.6000   0   -285383085763.331116    -13732887319.849516     -1545703818.804743       -74383711.563028
 21.7000   0   -286756374434.669312    -13732886108.890478     -1553142189.632568       -74383705.004181
 21.8000   0   -288129662985.490112    -13732884909.474821     -1560580559.807642       -74383698.507853
 21.9000   0   -289502951416.939819    -13732883721.438282     -1568018929.336173       -74383692.073157
 22.0000   0   -290876239730.148010    -13732882544.619686     -1575457298.224279       -74383685.699218
 22.1000   0   -292249527926.228760    -13732881378.860903     -1582895666.477994       -74383679.385181
 22.2000   0   -293622816006.280151    -13732880224.006737     -1590334034.103265       -74383673.130205
 22.3000   0   -294996103971.384949    -13732879079.904898     -1597772401.105956       -74383666.933465
 22.4000   0   -296369391822.610962    -13732877946.405928     -1605210767.491852       -74383660.794152
 22.5000   0   -297742679561.011169    -13732876823.363094     -1612649133.266655       -74383654.711470
 22.6000   0   -299115967187.623962    -13732875710.632387     -1620087498.435989       -74383648.684641
 22.7000   0   -300489254703.473328    -13732874608.072424     -1627525863.005401       -74383642.712897
 22.8000   0   -301862542109.569519    -13732873515.544392     -1634964226.980361       -74383636.795489
 22.9000   0   -303235829406.908813    -13732872432.911989     -1642402590.366267       -74383630.931676
 23.0000   0   -304609116596.474060    -13732871360.041378     -1649840953.168441       -74383625.120735
 23.1000   0   -305982403679.234924    -13732870296.801123     -1657279315.392135       -74383619.361953
 23.2000   0   -307355690656.147949    -13732869243.062134     -1664717677.042529       -74383613.654631
 23.3000   0   -308728977528.156860    -13732868198.697628     -1672156038.124736       -74383607.998083
 23.4000   0   -310102264296.192810    -13732867163.583046     -1679594398.643799       -74383602.391634
 23.5000   0   -311475550961.174683    -13732866137.596048     -1687032758.604695       -74383596.834622
 23.6000   0   -312848837524.009216    -13732865120.616423     -1694471118.012333       -74383591.326395
 23.7000   0   -314222123985.591187    -13732864112.526081     -1701909476.871562       -74383585.866313
 23.8000   0   -315595410346.803833    -13732863113.208977     -1709347835.187164       -74383580.453749
 23.9000   0   -316968696608.518738    -13732862122.551085     -1716786192.963860       -74383575.088085
 24.0000   0   -318341982771.596130    -13732861140.440336     -1724224550.206309       -74383569.768713
 24.1000   0   -319715268836.885132    -13732860166.766584     -1731662906.919111       -74383564.495037
 24.2000   0   -321088554805.224182    -13732859201.421583     -1739101263.106805       -74383559.266472
 24.3000   0   -322461840677.440796    -13732858244.298920     -1746539618.773875       -74383554.082440
 24.4000   0   -323835126454.351868    -13732857295.293991     -1753977973.924744       -74383548.942375
 24.5000   0   -325208412136.764038    -13732856354.303940     -1761416328.563783       -74383543.845720
 24.6000   0   -326581697725.473816    -13732855421.227674     -1768854682.695303       -74383538.791927
 24.7000   0   -327954983221.267456    -13732854495.965776     -1776293036.323565       -74383533.780458
 24.8000   0   -329328268624.921631    -13732853578.420492     -1783731389.452774       -74383528.810784
 24.9000   0   -330701553937.202942    -13732852668.495684     -1791169742.087083       -74383523.882384
 25.0000   0   -332074839158.868958    -13732851766.096804     -1798608094.230595       -74383518.994745
 25.1000   0   -333448124290.667480    -13732850871.130875     -1806046445.887361       -74383514.147365
 25.2000   0   -334821409333.337280    -13732849983.506437     -1813484797.061381       -74383509.339747
 25.3000   0   -336194694287.608032    -13732849103.133516     -1820923147.756606       -74383504.571405
 25.4000   0   -337567979154.200439    -13732848229.923609     -1828361497.976941       -74383499.841859
 25.5000   0   -338941263933.826355    -13732847363.789654     -1835799847.726242       -74383495.150638
 25.6000   0   -340314548627.189209    -13732846504.645992     -1843238197.008318       -74383490.497277
 25.7000   0   -341687833234.983582    -13732845652.408340     -1850676545.826932       -74383485.881321
 25.8000   0   -343061117757.896118    -13732844806.993753     -1858114894.185802       -74383481.302319
 25.9000   0   -344434402196.604919    -13732843968.320625     -1865553242.088601       -74383476.759831
 26.0000   0   -345807686551.780151    -13732843136.308632     -1872991589.538958       -74383472.253421
 26.1000   0   -347180970824.083923    -13732842310.878736     -1880429936.540461       -74383467.782660
 26.2000   0   -348554255014.170532    -13732841491.953140     -1887868283.096652       -74383463.347128
 26.3000   0   -349927539122.686707    -13732840679.455252     -1895306629.211035       -74383458.946410
 26.4000   0   -351300823150.271301    -13732839873.309708     -1902744974.887070       -74383454.580097
 26.5000   0   -352674107097.555908    -13732839073.442293     -1910183320.128176       -74383450.247788
 26.6000   0   -354047390965.164673    -13732838279.779953     -1917621664.937736       -74383445.949086
 26.7000   0   -355420674753.714417    -13732837492.250761     -1925060009.319090       -74383441.683603
 26.8000   0   -356793958463.814941    -13732836710.783895     -1932498353.275540       -74383437.450955
 26.9000   0   -358167242096.069031    -13732835935.309626     -1939936696.810352       -74383433.250764
 27.0000   0   -359540525651.072449    -13732835165.759281     -1947375039.926751       -74383429.082658
 27.1000   0   -360913809129.414185    -13732834402.065243     -1954813382.627929       -74383424.946271
 27.2000   0   -362287092531.676636    -13732833644.160915     -1962251724.917040       -74383420.841242
 27.3000   0   -363660375858.435303    -13732832891.980707     -1969690066.797201       -74383416.767216
 27.4000   0   -365033659110.259583    -13732832145.460014     -1977128408.271495       -74383412.723843
 27.5000   0   -366406942287.712097    -13732831404.535198     -1984566749.342970       -74383408.710779
 27.6000   0   -367780225391.349243    -13732830669.143570     -1992005090.014640       -74383404.727683
 27.7000   0   -369153508421.721313    -13732829939.223387     -1999443430.289485       -74383400.774222
 27.8000   0   -370526791379.372498    -13732829214.713818     -2006881770.170451       -74383396.850066
 27.9000   0   -371900074264.840759    -13732828495.554909     -2014320109.660454       -74383392.954890
 28.0000   0   -373273357078.658264    -13732827781.687611     -2021758448.762375       -74383389.088375
 28.1000   0   -374646639821.351135    -13732827073.053738     -2029196787.479065       -74383385.250205
 28.2000   0   -376019922493.439819    -13732826369.595943     -2036635125.813341       -74383381.440070
 28.3000   0   -377393205095.439209    -13732825671.257730     -2044073463.767993       -74383377.657663
 28.4000   0   -378766487627.858459    -13732824977.983400     -2051511801.345778       -74383373.902684
 28.5000   0   -380139770091.201111    -13732824289.718067     -2058950138.549425       -74383370.174834
 28.6000   0   -381513052485.965515    -13732823606.407658     -2066388475.381631       -74383366.473821
 28.7000   0   -382886334812.644287    -13732822927.998857     -2073826811.845065       -74383362.799356
 28.8000   0   -384259617071.725098    -13732822254.439096     -2081265147.942368       -74383359.151155
 28.9000   0   -385632899263.690308    -13732821585.676586     -2088703483.676153       -74383355.528937
 29.0000   0   -387006181389.017029    -13732820921.660250     -2096141819.049004       -74383351.932425
 29.1000   0   -388379463448.177368    -13732820262.339746     -2103580154.063477       -74383348.361347
 29.2000   0   -389752745441.638306    -13732819607.665432     -2111018488.722103       -74383344.815434
 29.3000   0   -391126027369.862183    -13732818957.588369     -2118456823.027385       -74383341.294420
 29.4000   0   -392499309233.306213    -13732818312.060307     -2125895156.981800       -74383337.798044
 29.5000   0   -393872591032.422852    -13732817671.033653     -2133333490.587799       -74383334.326050
 29.6000   0   -395245872767.659912    -13732817034.461494     -2140771823.847806       -74383330.878182
 29.7000   0   -396619154439.460571    -13732816402.297562     -2148210156.764223       -74383327.454189
 29.8000   0   -397992436048.263367    -13732815774.496220     -2155648489.339424       -74383324.053826
 29.9000   0   -399365717594.502258    -13732815151.012465     -2163086821.575760       -74383320.676847
 30.0000   0   -400738999078.606934    -13732814531.801914     -2170525153.475557       -74383317.323014
 30.1000   0   -402112280501.002319    -13732813916.820776     -2177963485.041119       -74383313.992087
 30.2000   0   -403485561862.109314    -13732813306.025881     -2185401816.274724       -74383310.683834
 30.3000   0   -404858843162.344360    -13732812699.374609     -2192840147.178627       -74383307.398025
 30.4000   0   -406232124402.119751    -13732812096.824944     -2200278477.755063       -74383304.134430
 30.5000   0   -407605405581.843506    -13732811498.335434     -2207716808.006239       -74383300.892826
 30.6000   0   -408978686701.919495    -13732810903.865183     -2215155137.934346       -74383297.672991
 30.7000   0   -410351967762.747803    -13732810313.373831     -2222593467.541549       -74383294.474707
 30.8000   0   -411725248764.724304    -13732809726.821566     -2230031796.829992       -74383291.297758
 30.9000   0   -413098529708.240906    -13732809144.169098     -2237470125.801798       -74383288.141931
 31.0000   0   -414471810593.685547    -13732808565.377672     -2244908454.459069       -74383285.007017
 31.1000   0   -415845091421.442566    -13732807990.409031     -2252346782.803885       -74383281.892807
 31.2000   0   -417218372191.892273    -13732807419.225422     -2259785110.838307       -74383278.799098
 31.3000   0   -418591652905.411377    -13732806851.789597     -2267223438.564374       -74383275.725689
 31.4000   0   -419964933562.372620    -13732806288.064793     -2274661765.984108       -74383272.672378
 31.5000   0   -421338214163.145569    -13732805728.014717     -2282100093.099506       -74383269.638971
 31.6000   0   -422711494708.095703    -13732805171.603558     -2289538419.912553       -74383266.625274
 31.7000   0   -424084775197.585144    -13732804618.795963     -2296976746.425205       -74383263.631094
 31.8000   0   -425458055631.972656    -13732804069.557043     -2304415072.639408       -74383260.656243
 31.9000   0   -426831336011.613159    -13732803523.852343     -2311853398.557085       -74383257.700534
 32.0000   0   -428204616336.858643    -13732802981.647869     -2319291724.180140       -74383254.763783
 32.1000   0   -429577896608.057251    -13732802442.910053     -2326730049.510461       -74383251.845808
 32.2000   0   -430951176825.553833    -13732801907.605747     -2334168374.549914       -74383248.946430
 32.3000   0   -432324456989.690552    -13732801375.702230     -2341606699.300354       -74383246.065472
 32.4000   0   -433697737100.805603    -13732800847.167202     -2349045023.763611       -74383243.202758
 32.5000   0   -435071017159.234131    -13732800321.968758     -2356483347.941501       -74383240.358116
 32.6000   0   -436444297165.308350    -13732799800.075413     -2363921671.835824       -74383237.531375
 32.7000   0   -437817577119.357239    -13732799281.456057     -2371359995.448361       -74383234.722367
 32.8000   0   -439190857021.706543    -13732798766.079981     -2378798318.780878       -74383231.930925
 32.9000   0   -440564136872.679260    -13732798253.916859     -2386236641.835121       -74383229.156885
 33.0000   0   -441937416672.595032    -13732797744.936735     -2393674964.612824       -74383226.400086
 33.1000   0   -443310696421.770813    -13732797239.110033     -2401113287.115702       -74383223.660366
 33.2000   0   -444683976120.520203    -13732796736.407534     -2408551609.345455       -74383220.937567
 33.3000   0   -446057255769.154419    -13732796236.800385     -2415989931.303769       -74383218.231534
 33.4000   0   -447430535367.981506    -13732795740.260073     -2423428252.992310       -74383215.542111
 33.5000   0   -448803814917.306702    -13732795246.758459     -2430866574.412734       -74383212.869147
 33.6000   0   -450177094417.432617    -13732794756.267731     -2438304895.566678       -74383210.212491
 33.7000   0   -451550373868.658691    -13732794268.760416     -2445743216.455765       -74383207.571993
 33.8000   0   -452923653271.282166    -13732793784.209375     -2453181537.081605       -74383204.947508
 33.9000   0   -454296932625.597168    -13732793302.587801     -2460619857.445791       -74383202.338889
 34.0000   0   -455670211931.895508    -13732792823.869219     -2468058177.549901       -74383199.745993
 34.1000   0   -457043491190.466064    -13732792348.027443     -2475496497.395503       -74383197.168679
 34.2000   0   -458416770401.595154    -13732791875.036629     -2482934816.984148       -74383194.606807
 34.3000   0   -459790049565.566589    -13732791404.871225     -2490373136.317370       -74383192.060237
 34.4000   0   -461163328682.661682    -13732790937.505995     -2497811455.396695       -74383189.528834
 34.5000   0   -462536607753.159241    -13732790472.915989     -2505249774.223632       -74383187.012463
 34.6000   0   -463909886777.335571    -13732790011.076569     -2512688092.799679       -74383184.510989
 34.7000   0   -465283165755.464600    -13732789551.963383     -2520126411.126318       -74383182.024282
 34.8000   0   -466656444687.817444    -13732789095.552351     -2527564729.205019       -74383179.552209
 34.9000   0   -468029723574.663330    -13732788641.819704     -2535003047.037238       -74383177.094644
 35.0000   0   -469403002416.268982    -13732788190.741915     -2542441364.624422       -74383174.651458
 35.1000   0   -470776281212.898560    -13732787742.295769     -2549879681.968000       -74383172.222526
 35.2000   0   -472149559964.814209    -13732787296.458290     -2557317999.069393       -74383169.807723
 35.3000   0   -473522838672.275574    -13732786853.206793     -2564756315.930007       -74383167.406927
 35.4000   0   -474896117335.540161    -13732786412.518835     -2572194632.551236       -74383165.020015
 35.5000   0   -476269395954.863159    -13732785974.372244     -2579632948.934464       -74383162.646868
 35.6000   0   -477642674530.497620    -13732785538.745096     -2587071265.081060       -74383160.287366
 35.7000   0   -479015953062.694519    -13732785105.615725     -2594509580.992384       -74383157.941394
 35.8000   0   -480389231551.702454    -13732784674.962713     -2601947896.669782       -74383155.608834
 35.9000   0   -481762509997.768005    -13732784246.764881     -2609386212.114590       -74383153.289572
 36.0000   0   -483135788401.135742    -13732783821.001286     -2616824527.328132       -74383150.983494
 36.1000   0   -484509066762.047974    -13732783397.651237     -2624262842.311720       -74383148.690489
 36.2000   0   -485882345080.744995    -13732782976.694262     -2631701157.066658       -74383146.410446
 36.3000   0   -487255623357.465210    -13732782558.110136     -2639139471.594234       -74383144.143254
 36.4000   0   -488628901592.444702    -13732782141.878855     -2646577785.895729       -74383141.888806
 36.5000   0   -490002179785.917908    -13732781727.980623     -2654016099.972413       -74383139.646995
 36.6000   0   -491375457938.117188    -13732781316.395889     -2661454413.825542       -74383137.417714
 36.7000   0   -492748736049.272827    -13732780907.105309     -2668892727.456366       -74383135.200858
 36.8000   0   -494122014119.613342    -13732780500.089750     -2676331040.866121       -74383132.996325
 36.9000   0   -495495292149.365295    -13732780095.330307     -2683769354.056034       -74383130.804012
 37.0000   0   -496868570138.753235    -13732779692.808254     -2691207667.027323       -74383128.623817
 37.1000   0   -498241848088.000000    -13732779292.505114     -2698645979.781194       -74383126.455640
 37.2000   0   -499615125997.326721    -13732778894.402573     -2706084292.318844       -74383124.299382
 37.3000   0   -500988403866.952454    -13732778498.482536     -2713522604.641460       -74383122.154945
 37.4000   0   -502361681697.094482    -13732778104.727106     -2720960916.750220       -74383120.022233
 37.5000   0   -503734959487.968628    -13732777713.118587     -2728399228.646290       -74383117.901148
 37.6000   0   -505108237239.788391    -13732777323.639456     -2735837540.330829       -74383115.791597
 37.7000   0   -506481514952.766113    -13732776936.272402     -2743275851.804987       -74383113.693486
 37.8000   0   -507854792627.112061    -13732776551.000292     -2750714163.069901       -74383111.606721
 37.9000   0   -509228070263.034729    -13732776167.806168     -2758152474.126702       -74383109.531212
 38.0000   0   -510601347860.741272    -13732775786.673267     -2765590784.976511       -74383107.466866
 38.1000   0   -511974625420.436890    -13732775407.585009     -2773029095.620441       -74383105.413595
 38.2000   0   -513347902942.325256    -13732775030.524979     -2780467406.059593       -74383103.371309
 38.3000   0   -514721180426.608398    -13732774655.476944     -2787905716.295062       -74383101.339921
 38.4000   0   -516094457873.486511    -13732774282.424841     -2795344026.327934       -74383099.319343
 38.5000   0   -517467735283.158752    -13732773911.352783     -2802782336.159285       -74383097.309490
 38.6000   0   -518841012655.822021    -13732773542.245035     -2810220645.790183       -74383095.310276
 38.7000   0   -520214289991.672058    -13732773175.086056     -2817658955.221689       -74383093.321617
 38.8000   0   -521587567290.902954    -13732772809.860447     -2825097264.454852       -74383091.343430
 38.9000   0   -522960844553.707458    -13732772446.552975     -2832535573.490717       -74383089.375632
 39.0000   0   -524334121780.276428    -13732772085.148571     -2839973882.330319       -74383087.418142
 39.1000   0   -525707398970.799500    -13732771725.632334     -2847412190.974684       -74383085.470878
 39.2000   0   -527080676125.464661    -13732771367.989485     -2854850499.424830       -74383083.533761
 39.3000   0   -528453953244.458679    -13732771012.205425     -2862288807.681768       -74383081.606712
 39.4000   0   -529827230327.966675    -13732770658.265717     -2869727115.746502       -74383079.689653
 39.5000   0   -531200507376.172363    -13732770306.156034     -2877165423.620026       -74383077.782505
 39.6000   0   -532573784389.257935    -13732769955.862226     -2884603731.303328       -74383075.885193
 39.7000   0   -533947061367.404297    -13732769607.370279     -2892042038.797386       -74383073.997640
 39.8000   0   -535320338310.790955    -13732769260.666328     -2899480346.103175       -74383072.119771
 39.9000   0   -536693615219.596130    -13732768915.736658     -2906918653.221657       -74383070.251512
 40.0000   0   -538066892093.996521    -13732768572.567675     -2914356960.153792       -74383068.392790
 40.1000   0   -539440168934.167419    -13732768231.145933     -2921795266.900528       -74383066.543532
 40.2000   0   -540813445740.282837    -13732767891.458122     -2929233573.462809       -74383064.703664
 40.3000   0   -542186722512.515808    -13732767553.491064     -2936671879.841569       -74383062.873117
 40.4000   0   -543559999251.037415    -13732767217.231716     -2944110186.037738       -74383061.051820
 40.5000   0   -544933275956.018005    -13732766882.667179     -2951548492.052237       -74383059.239702
 40.6000   0   -546306552627.626343    -13732766549.784664     -2958986797.885980       -74383057.436694
 40.7000   0   -547679829266.029968    -13732766218.571512     -2966425103.539874       -74383055.642728
 40.8000   0   -549053105871.395203    -13732765889.015196     -2973863409.014821       -74383053.857736
 40.9000   0   -550426382443.886963    -13732765561.103329     -2981301714.311715       -74383052.081651
 41.0000   0   -551799658983.669556    -13732765234.823627     -2988740019.431442       -74383050.314406
 41.1000   0   -553172935490.905151    -13732764910.163931     -2996178324.374886       -74383048.555935
 41.2000   0   -554546211965.755249    -13732764587.112207     -3003616629.142918       -74383046.806174
 41.3000   0   -555919488408.380005    -13732764265.656542     -3011054933.736406       -74383045.065057
 41.4000   0   -557292764818.938599    -13732763945.785130     -3018493238.156212       -74383043.332521
 41.5000   0   -558666041197.588867    -13732763627.486294     -3025931542.403191       -74383041.608503
 41.6000   0   -560039317544.487427    -13732763310.748470     -3033369846.478191       -74383039.892940
 41.7000   0   -561412593859.789673    -13732762995.560192     -3040808150.382055       -74383038.185769
 41.8000   0   -562785870143.650269    -13732762681.910116     -3048246454.115620       -74383036.486930
 41.9000   0   -564159146396.222168    -13732762369.787012     -3055684757.679715       -74383034.796361
 42.0000   0   -565532422617.657715    -13732762059.179760     -3063123061.075163       -74383033.114003
 42.1000   0   -566905698808.107910    -13732761750.077349     -3070561364.302784       -74383031.439795
 42.2000   0   -568278974967.722534    -13732761442.468855     -3077999667.363389       -74383029.773679
 42.3000   0   -569652251096.650635    -13732761136.343485     -3085437970.257784       -74383028.115596
 42.4000   0   -571025527195.039917    -13732760831.690536     -3092876272.986771       -74383026.465487
 42.5000   0   -572398803263.037109    -13732760528.499407     -3100314575.551143       -74383024.823297
 42.6000   0   -573772079300.787964    -13732760226.759605     -3107752877.951689       -74383023.188967
 42.7000   0   -575145355308.436646    -13732759926.460735     -3115191180.189193       -74383021.562442
 42.8000   0   -576518631286.127319    -13732759627.592497     -3122629482.264433       -74383019.943666
 42.9000   0   -577891907234.002319    -13732759330.144695     -3130067784.178181       -74383018.332583
 43.0000   0   -579265183152.203003    -13732759034.107218     -3137506085.931202       -74383016.729139
 43.1000   0   -580638459040.869873    -13732758739.470070     -3144944387.524259       -74383015.133279
 43.2000   0   -582011734900.142944    -13732758446.223330     -3152382688.958106       -74383013.544951
 43.3000   0   -583385010730.160156    -13732758154.357183     -3159820990.233495       -74383011.964100
 43.4000   0   -584758286531.059448    -13732757863.861902     -3167259291.351171       -74383010.390674
 43.5000   0   -586131562302.977295    -13732757574.727854     -3174697592.311874       -74383008.824621
 43.6000   0   -587504838046.049561    -13732757286.945488     -3182135893.116337       -74383007.265889
 43.7000   0   -588878113760.410889    -13732757000.505358     -3189574193.765291       -74383005.714427
 43.8000   0   -590251389446.194702    -13732756715.398088     -3197012494.259461       -74383004.170184
 43.9000   0   -591624665103.534058    -13732756431.614389     -3204450794.599566       -74383002.633110
 44.0000   0   -592997940732.561035    -13732756149.145082     -3211889094.786318       -74383001.103155
 44.1000   0   -594371216333.406372    -13732755867.981035     -3219327394.820430       -74382999.580270
 44.2000   0   -595744491906.199951    -13732755588.113247     -3226765694.702604       -74382998.064406
 44.3000   0   -597117767451.071289    -13732755309.532755     -3234203994.433541       -74382996.555514
 44.4000   0   -598491042968.148682    -13732755032.230707     -3241642294.013936       -74382995.053547
 44.5000   0   -599864318457.559326    -13732754756.198318     -3249080593.444478       -74382993.558456
 44.6000   0   -601237593919.430054    -13732754481.426895     -3256518892.725852       -74382992.070195
 44.7000   0   -602610869353.886230    -13732754207.907812     -3263957191.858740       -74382990.588718
 44.8000   0   -603984144761.052612    -13732753935.632521     -3271395490.843818       -74382989.113977
 44.9000   0   -605357420141.053345    -13732753664.592569     -3278833789.681756       -74382987.645927
 45.0000   0   -606730695494.011597    -13732753394.779562     -3286272088.373222       -74382986.184522
 45.1000   0   -608103970820.049438    -13732753126.185181     -3293710386.918878       -74382984.729718
 45.2000   0   -609477246119.288452    -13732752858.801195     -3301148685.319381       -74382983.281470
 45.3000   0   -610850521391.849243    -13732752592.619442     -3308586983.575386       -74382981.839734
 45.4000   0   -612223796637.851685    -13732752327.631834     -3316025281.687541       -74382980.404465
 45.5000   0   -613597071857.414917    -13732752063.830345     -3323463579.656491       -74382978.975621
 45.6000   0   -614970347050.656860    -13732751801.207026     -3330901877.482876       -74382977.553158
 45.7000   0   -616343622217.695068    -13732751539.754019     -3338340175.167331       -74382976.137034
 45.8000   0   -617716897358.645996    -13732751279.463505     -3345778472.710489       -74382974.727206
 45.9000   0   -619090172473.625610    -13732751020.327744     -3353216770.112978       -74382973.323633
 46.0000   0   -620463447562.749268    -13732750762.339090     -3360655067.375421       -74382971.926273
 46.1000   0   -621836722626.131104    -13732750505.489923     -3368093364.498436       -74382970.535085
 46.2000   0   -623209997663.884644    -13732750249.772718     -3375531661.482640       -74382969.150028
 46.3000   0   -624583272676.122803    -13732749995.180006     -3382969958.328643       -74382967.771061
 46.4000   0   -625956547662.957642    -13732749741.704397     -3390408255.037052       -74382966.398145
 46.5000   0   -627329822624.500244    -13732749489.338537     -3397846551.608471       -74382965.031240
 46.6000   0   -628703097560.861450    -13732749238.075163     -3405284848.043498       -74382963.670306
 46.7000   0   -630076372472.151245    -13732748987.907061     -3412723144.342728       -74382962.315304
 46.8000   0   -631449647358.478882    -13732748738.827087     -3420161440.506752       -74382960.966196
 46.9000   0   -632822922219.952393    -13732748490.828165     -3427599736.536160       -74382959.622944
 47.0000   0   -634196197056.679810    -13732748243.903259     -3435038032.431533       -74382958.285508
 47.1000   0   -635569471868.768066    -13732747998.045418     -3442476328.193452       -74382956.953852
 47.2000   0   -636942746656.323730    -13732747753.247738     -3449914623.822494       -74382955.627939
 47.3000   0   -638316021419.452393    -13732747509.503370     -3457352919.319228       -74382954.307730
 47.4000   0   -639689296158.259033    -13732747266.805538     -3464791214.684225       -74382952.993190
 47.5000   0   -641062570872.847900    -13732747025.147509     -3472229509.918051       -74382951.684282
 47.6000   0   -642435845563.322632    -13732746784.522623     -3479667805.021266       -74382950.380969
 47.7000   0   -643809120229.786133    -13732746544.924263     -3487106099.994429       -74382949.083217
 47.8000   0   -645182394872.340942    -13732746306.345873     -3494544394.838092       -74382947.790989
 47.9000   0   -646555669491.088745    -13732746068.780964     -3501982689.552807       -74382946.504250
 48.0000   0   -647928944086.130493    -13732745832.223085     -3509420984.139122       -74382945.222966
 48.1000   0   -649302218657.566406    -13732745596.665846     -3516859278.597579       -74382943.947101
 48.2000   0   -650675493205.496460    -13732745362.102911     -3524297572.928720       -74382942.676622
 48.3000   0   -652048767730.019653    -13732745128.528000     -3531735867.133080       -74382941.411495
 48.4000   0   -653422042231.234619    -13732744895.934877     -3539174161.211194       -74382940.151685
 48.5000   0   -654795316709.239136    -13732744664.317375     -3546612455.163591       -74382938.897159
 48.6000   0   -656168591164.130249    -13732744433.669359     -3554050748.990798       -74382937.647885
 48.7000   0   -657541865596.004883    -13732744203.984762     -3561489042.693339       -74382936.403828
 48.8000   0   -658915140004.958984    -13732743975.257549     -3568927336.271735       -74382935.164957
 48.9000   0   -660288414391.088013    -13732743747.481756     -3576365629.726502       -74382933.931240
 49.0000   0   -661661688754.486694    -13732743520.651461     -3583803923.058153       -74382932.702643
 49.1000   0   -663034963095.249390    -13732743294.760792     -3591242216.267198       -74382931.479136
 49.2000   0   -664408237413.469727    -13732743069.803907     -3598680509.354147       -74382930.260686
 49.3000   0   -665781511709.240967    -13732742845.775038     -3606118802.319502       -74382929.047263
 49.4000   0   -667154785982.655273    -13732742622.668457     -3613557095.163765       -74382927.838835
 49.5000   0   -668528060233.804932    -13732742400.478474     -3620995387.887433       -74382926.635372
 49.6000   0   -669901334462.781128    -13732742179.199450     -3628433680.491002       -74382925.436843
 49.7000   0   -671274608669.674805    -13732741958.825798     -3635871972.974963       -74382924.243218
 49.8000   0   -672647882854.576050    -13732741739.351978     -3643310265.339806       -74382923.054466
 49.9000   0   -674021157017.574585    -13732741520.772480     -3650748557.586016       -74382921.870559
 50.0000   0   -675394431158.759766    -13732741303.081860     -3658186849.714076       -74382920.691465
 50.1000   0   -676767705278.220215    -13732741086.274702     -3665625141.724467       -74382919.517157
 50.2000   0   -678140979376.043823    -13732740870.345627     -3673063433.617665       -74382918.347605
 50.3000   0   -679514253452.317993    -13732740655.289326     -3680501725.394145       -74382917.182780
 50.4000   0   -680887527507.130249    -13732740441.100517     -3687940017.054375       -74382916.022654
 50.5000   0   -682260801540.566528    -13732740227.773954     -3695378308.598827       -74382914.867198
 50.6000   0   -683634075552.713013    -13732740015.304451     -3702816600.027967       -74382913.716384
 50.7000   0   -685007349543.655273    -13732739803.686850     -3710254891.342257       -74382912.570185
 50.8000   0   -686380623513.478394    -13732739592.916035     -3717693182.542154       -74382911.428571
 50.9000   0   -687753897462.266357    -13732739382.986933     -3725131473.628120       -74382910.291517
 51.0000   0   -689127171390.103394    -13732739173.894514     -3732569764.600607       -74382909.158995
 51.1000   0   -690500445297.072754    -13732738965.633778     -3740008055.460067       -74382908.030977
 51.2000   0   -691873719183.257324    -13732738758.199787     -3747446346.206950       -74382906.907437
