  0.0000    1.019418    0.000000    0.000000    6.179094
  0.0700    0.923603   -2.608111    0.432537    5.598703
  0.1400    0.654283   -4.723896    0.783818    3.968322
  0.2100    0.262258   -5.951007    0.988102    1.597220
  0.2800   -0.178858   -6.062819    1.007429   -1.069126
  0.3500   -0.586537   -5.040819    0.838424   -3.533859
  0.4200   -0.884573   -3.075124    0.512689   -5.338736
  0.4900   -1.017054   -0.530388    0.091001   -6.145999
  0.5600   -0.958827    2.118267   -0.347751   -5.801310
  0.6300   -0.720497    4.372132   -0.721183   -4.366397
  0.7000   -0.346728    5.804850   -0.959047   -2.111049
  0.7700    0.092182    6.146643   -1.016729    0.538170
  0.8400    0.513802    5.336076   -0.883703    3.082079
  0.9100    0.839232    3.528303   -0.585238    5.045305
  0.9800    1.007764    1.062047   -0.177360    6.063639
  1.0500    0.987919   -1.604003    0.263671    5.948010
  1.1200    0.783204   -3.973336    0.655361    4.717946
  1.1900    0.431652   -5.601239    0.924184    2.600495
  1.2600   -0.000970   -6.179012    1.019431   -0.008110
  1.3300   -0.433410   -5.596035    0.923048   -2.615707
  1.4000   -0.784415   -3.963238    0.653232   -4.729856
  1.4700   -0.988263   -1.590403    0.260868   -5.954079
  1.5400   -1.007071    1.076250   -0.180339   -6.062125
  1.6100   -0.837588    3.539477   -0.587829   -5.036454
  1.6800   -0.511544    5.341434   -0.885443   -3.068250
  1.7500   -0.089787    6.145322   -1.017384   -0.522663
  1.8200    0.348801    5.797670   -0.958616    2.125406
  1.8900    0.721887    4.360550   -0.719827    4.377750
  1.9600    0.959278    2.103752   -0.345731    5.808277
  2.0300    1.016412   -0.546005    0.093331    6.147235
  2.1000    0.882837   -3.089109    0.514882    5.333437
  2.1700    0.583937   -5.049912    0.840013    3.522801
  2.2400    0.175849   -6.064594    1.008074    1.055007
  2.3100   -0.265106   -5.945103    0.987714   -1.610760
  2.3800   -0.656465   -4.712017    0.782568   -3.978291
  2.4500   -0.924789   -2.592870    0.430753   -5.603653
  2.5200   -1.019467    0.016212   -0.001944   -6.178769
  2.5900   -0.922519    2.623274   -0.434275   -5.593228
  2.6600   -0.652209    4.735811   -0.784996   -3.958076
  2.7300   -0.259506    5.957214   -0.988406   -1.583545
  2.8000    0.181801    6.061551   -1.006692    1.083423
  2.8700    0.589111    5.032212   -0.836726    3.545166
  2.9400    0.886311    3.061459   -0.510369    5.344184
  3.0100    1.017716    0.514997   -0.088540    6.144628
  3.0800    0.958411   -2.132464    0.349879    5.793944
  3.1500    0.719171   -4.383246    0.722612    4.354596
  3.2200    0.344756   -5.811580    0.959523    2.096379
  3.2900   -0.094451   -6.147759    1.016105   -0.553890
  3.3600   -0.515930   -5.330806    0.881978   -3.096209
  3.4300   -0.840763   -3.517344    0.582635   -5.054636
  3.5000   -1.008358   -1.048001    0.174329   -6.065686
  3.5700   -0.987483    1.617498   -0.266561   -5.942298
  3.6400   -0.781909    3.983199   -0.657593   -4.706125
  3.7100   -0.429836    5.605954   -0.925418   -2.585245
  3.7800    0.002925    6.178367   -1.019527    0.024301
  3.8500    0.435136    5.590278   -0.922016    2.630803
  3.9200    0.785564    3.952827   -0.651214    4.741746
  3.9900    0.988532    1.576640   -0.258172    5.960395
  4.0600    1.006293   -1.090650    0.183241    6.061085
  4.1300    0.835840   -3.550933    0.590380    5.028090
  4.2000    0.509163   -5.346999    0.887173    3.054753
  4.2700    0.087261   -6.143935    1.018046    0.507390
  4.3400   -0.350988   -5.790145    0.958208   -2.139444
  4.4100   -0.723360   -4.348543    0.718524   -4.388620
  4.4800   -0.959784   -2.088933    0.343801   -5.814749
  4.5500   -1.015810    0.561821   -0.095541   -6.148200
  4.6200   -0.881129    3.103371   -0.516947   -5.328167
  4.6900   -0.581338    5.059473   -0.841485   -3.511920
  4.7600   -0.172803    6.066920   -1.008616   -1.041020
  4.8300    0.268031    5.939604   -0.987227    1.624225
  4.9000    0.658741    4.700283   -0.781224    3.988071
  4.9700    0.926070    2.577629   -0.428897    5.608154
  5.0400    1.019610   -0.032370    0.003917    6.177811
  5.1100    0.921538   -2.638285    0.435996    5.587180
  5.1800    0.650250   -4.747647    0.786123    3.947483
  5.2500    0.256868   -5.963606    0.988644    1.569682
  5.3200   -0.184655   -6.060717    1.005878   -1.097935
  5.3900   -0.591633   -5.024084    0.834933   -3.556784
  5.4600   -0.888027   -3.048136    0.507928   -5.349892
  5.5300   -1.018372   -0.499844    0.085948   -6.143260
  5.6000   -0.958005    2.146346   -0.352128   -5.786289
  5.6700   -0.717883    4.393871   -0.724133   -4.342401
  5.7400   -0.342863    5.817778   -0.960064   -2.081418
  5.8100    0.096606    6.148544   -1.015531    0.569792
  5.8800    0.517933    5.325504   -0.880293    3.110588
  5.9500    0.842176    3.506518   -0.580049    5.064416
  6.0200    1.008846    1.034059   -0.171275    6.068296
  6.0900    0.986944   -1.630950    0.269513    5.937031
  6.1600    0.780513   -3.992920    0.659909    4.694501
  6.2300    0.427936   -5.610265    0.926743    2.570033
  6.3000   -0.004925   -6.177108    1.019714   -0.040411
  6.3700   -0.436859   -5.583932    0.921085   -2.645712
  6.4400   -0.786675   -3.942037    0.649314   -4.753501
  6.5100   -0.988745   -1.562666    0.255595   -5.966831
  6.5800   -1.005448    1.105280   -0.186042   -6.060434
  6.6500   -0.834005    3.562724   -0.592866   -5.020190
  6.7200   -0.506667    5.352874   -0.888869   -3.041605
  6.7900   -0.084603    6.142619   -1.018690   -0.492357
  6.8600    0.353300    5.782392   -0.957799    2.153173
  6.9300    0.724932    4.336179   -0.717246    4.398999
  7.0000    0.960365    2.073838   -0.341939    5.820659
  7.0700    1.015269   -0.577799    0.097646    6.148775
  7.1400    0.879473   -3.117852    0.518890    5.322802
  7.2100    0.578770   -5.069458    0.842838    3.501129
  7.2800    0.169749   -6.069812    1.009048    1.027110
  7.3500   -0.271004   -5.934587    0.986634   -1.637680
  7.4200   -0.661093   -4.688792    0.779773   -3.997757
  7.4900   -0.927435   -2.562465    0.426948   -5.612302
  7.5600   -1.019838    0.048420   -0.005950   -6.176266
  7.6300   -0.920656    2.653076   -0.437729   -5.580536
  7.7000   -0.648408    4.759295   -0.787225   -3.936485
  7.7700   -0.254354    5.970053   -0.988837   -1.555588
  7.8400    0.187400    6.060222   -1.005007    1.112688
  7.9100    0.594077    5.016400   -0.833061    3.568757
  7.9800    0.889696    3.035160   -0.505381    5.355955
  8.0500    1.018999    0.484928   -0.083227    6.142030
  8.1200    0.957586   -2.159930    0.354503    5.778470
  8.1900    0.716609   -4.404008    0.725759    4.329888
  8.2600    0.341024   -5.823388    0.960688    2.066201
  8.3300   -0.098666   -6.148883    1.015027   -0.585836
  8.4000   -0.519819   -5.320046    0.878671   -3.125153
  8.4700   -0.843472   -3.495740    0.577505   -5.074589
  8.5400   -1.009223   -1.020167    0.168228   -6.071466
  8.6100   -0.986295    1.644424   -0.272500   -5.932276
  8.6800   -0.779003    4.002595   -0.662291   -4.683165
  8.7500   -0.425932    5.614279   -0.928143   -2.554934
  8.8200    0.006996    6.175297   -1.019981    0.056390
  8.8900    0.438610    5.576992   -0.920248    2.660371
  8.9600    0.787775    3.930823   -0.647529    4.765016
  9.0300    0.988925    1.548443   -0.253146    5.973254
  9.1000    1.004557   -1.120158    0.188726    6.060065
  9.1700    0.832103   -3.574884    0.595263    5.012706
  9.2400    0.504073   -5.359145    0.890505    3.028799
  9.3100    0.081822   -6.141508    1.019295    0.477556
  9.3800   -0.355738   -5.774541    0.957363   -2.166621
  9.4500   -0.726613   -4.323540    0.715968   -4.408901
  9.5200   -0.961034   -2.058512    0.340117   -5.825963
  9.5900   -1.014805    0.593896   -0.099667   -6.148856
  9.6600   -0.877888    3.132481   -0.520723   -5.317222
  9.7300   -0.576258    5.079798   -0.844078   -3.490339
  9.8000   -0.166717    6.073253   -1.009370   -1.013220
  9.8700    0.273998    5.930103   -0.985929    1.651189
  9.9400    0.663498    4.677630   -0.778204    4.007447
 10.0100    0.928866    2.547448   -0.424886    5.616211
 10.0800    1.020141   -0.064317    0.008066    6.174211
 10.1500    0.919861   -2.667591    0.439503    5.573304
 10.2200    0.646678   -4.770652    0.788328    3.925049
 10.2900    0.251970   -5.976419    0.989010    1.541230
 10.3600   -0.190021   -6.059948    1.004101   -1.127692
 10.4300   -0.596423   -5.009100    0.831133   -3.581107
 10.5000   -0.891295   -3.022518    0.502746   -5.362451
 10.5700   -1.019575   -0.470238    0.080390   -6.141067
 10.6400   -0.957128    2.173251   -0.357004   -5.770621
 10.7100   -0.715320    4.413684   -0.727497   -4.317146
 10.7800   -0.339212    5.828383   -0.961404   -2.050778
 10.8500    0.100654    6.148685   -1.014606    0.601972
 10.9200    0.521604    5.314317   -0.877128    3.139826
 10.9900    0.844658    3.484917   -0.575030    5.085075
 11.0600    1.009492    1.006263   -0.165218    6.075165
 11.1300    0.985535   -1.657983    0.275493    5.928069
 11.2000    0.777374   -4.012324    0.664712    4.672194
 11.2700    0.423810   -5.618115    0.929600    2.540014
 11.3400   -0.009162   -6.173023    1.020314   -0.072195
 11.4100   -0.440414   -5.569479    0.919493   -2.674730
 11.4800   -0.788889   -3.919160    0.645852   -4.776193
 11.5500   -0.989096   -1.533947    0.250826   -5.979529
 11.6200   -1.003642    1.135289   -0.191282   -6.059854
 11.6900   -0.830156    3.587426   -0.597554   -5.005570
 11.7600   -0.501402    5.365878   -0.892062   -3.016313
 11.8300   -0.078933    6.140721   -1.019838   -0.462970
 11.9000    0.358299    5.766725   -0.956878    2.179827
 11.9700    0.728409    4.310720   -0.714662    4.418364
 12.0400    0.961800    2.043007   -0.338307    5.830650
 12.1100    1.014430   -0.610057    0.101629    6.148363
 12.1800    0.876392   -3.147177    0.522464    5.311318
 12.2500    0.573825   -5.090405    0.845214    3.479460
 12.3200    0.163735   -6.077194    1.009588    0.999289
 12.3900   -0.276982   -5.926174    0.985114   -1.664814
 12.4600   -0.665929   -4.666863    0.776514   -4.017239
 12.5300   -0.930343   -2.532640    0.422701   -5.620006
 12.6000   -1.020499    0.080022   -0.010287   -6.171745
 12.6700   -0.919140    2.681785   -0.441344   -5.565522
 12.7400   -0.645049    4.781628   -0.789460   -3.913159
 12.8100   -0.249712    5.982571   -0.989186   -1.526592
 12.8800    0.192511    6.059766   -1.003183    1.142946
 12.9500    0.598655    5.002104   -0.829173    3.593839
 13.0200    0.892806    3.010177   -0.500045    5.369431
 13.0900    1.020080    0.455747   -0.077453    6.140482
 13.1600    0.956610   -2.186356    0.359622    5.762870
 13.2300    0.713990   -4.422948    0.729349    4.304275
 13.3000    0.337397   -5.832767    0.962221    2.035207
 13.3700   -0.102597   -6.147884    1.014278   -0.618144
 13.4400   -0.523306   -5.308214    0.875680   -3.154525
 13.5100   -0.845747   -3.473960    0.572644   -5.095777
 13.5800   -1.009661   -0.992291    0.162272   -6.079330
 13.6500   -0.984668    1.671687   -0.278462   -5.924415
 13.7200   -0.775625    4.022203   -0.667146   -4.661642
 13.7900   -0.421559    5.621900   -0.931092   -2.525331
 13.8600    0.011441    6.170395   -1.020693    0.087794
 13.9300    0.442296    5.561444   -0.918801    2.688753
 14.0000    0.790044    3.907046   -0.644267    4.786951
 14.0700    0.989282    1.519167   -0.248627    5.985527
 14.1400    1.002727   -1.150663    0.193706    6.059667
 14.2100    0.828190   -3.600343    0.599726    4.998690
 14.2800    0.498679   -5.373112    0.893523    3.004104
 14.3500    0.075954   -6.140359    1.020300    0.448566
 14.4200   -0.360971   -5.759071    0.956322   -2.192846
 14.4900   -0.730316   -4.297823    0.713302   -4.427448
 14.5600   -0.962667   -2.027387    0.336480   -5.834738
 14.6300   -1.014150    0.626227   -0.103561   -6.147244
 14.7000   -0.874995    3.161857   -0.524135   -5.304995
 14.7700   -0.571490    5.101174   -0.846260   -3.468406
 14.8400   -0.160830    6.081561   -1.009711   -0.985262
 14.9100    0.279928    5.922789   -0.984197    1.678609
 14.9800    0.668360    4.656534   -0.774706    4.027225
 15.0500    0.931843    2.518091   -0.420386    5.623814
 15.1200    1.020893   -0.095508    0.012628    6.168989
 15.1900    0.918472   -2.695632    0.443273    5.557254
 15.2600    0.643504   -4.792154    0.790643    3.900825
 15.3300    0.247570   -5.988384    0.989388    1.511670
 15.4000   -0.194869   -6.059540    1.002277   -1.158434
 15.4700   -0.600765   -4.995314    0.827208   -3.606934
 15.5400   -0.894213   -2.998086    0.497306   -5.376921
 15.6100   -1.020497   -0.441419    0.074439   -6.140363
 15.6800   -0.956012    2.199303   -0.362344   -5.755342
 15.7500   -0.712595    4.431872   -0.731309   -4.291379
 15.8200   -0.335550    5.836571   -0.963137   -2.019555
 15.8900    0.104525    6.146443   -1.014047    0.634298
 15.9600    0.524952    5.301652   -0.874336    3.169164
 16.0300    0.846756    3.462788   -0.570364    5.106584
 16.1000    1.009742    0.978195   -0.159414    6.083874
 16.1700    0.983704   -1.685586    0.281378    5.921290
 16.2400    0.773760   -4.032317    0.669567    4.651541
 16.3100    0.419179   -5.625764    0.932594    2.510926
 16.3800   -0.013847   -6.167542    1.021096   -0.103164
 16.4500   -0.444277   -5.552963    0.918151   -2.702421
 16.5200   -0.791262   -3.894500    0.642757   -4.797230
 16.5900   -0.989507   -1.504106    0.246539   -5.991129
 16.6600   -1.001836    1.166257   -0.196001   -6.059368
 16.7300   -0.826231    3.613606   -0.601773   -4.991963
 16.8000   -0.495931    5.380857   -0.894876   -2.992115
 16.8700   -0.072911    6.140501   -1.020669   -0.434303
 16.9400    0.363739    5.751697   -0.955678    2.205738
 17.0100    0.732327    4.284954   -0.711865    4.436231
 17.0800    0.963632    2.011721   -0.334606    5.838274
 17.1500    1.013968   -0.642350    0.105493    6.145480
 17.2200    0.873703   -3.176434    0.525762    5.298177
 17.2900    0.569267   -5.111990    0.847238    3.457097
 17.3600    0.158025   -6.086254    1.009755    0.971084
 17.4300   -0.282809   -5.919910    0.983190   -1.692621
 17.5000   -0.670763   -4.646663    0.772788   -4.037486
 17.5700   -0.933342   -2.503836    0.417942   -5.627763
 17.6400   -1.021300    0.110759   -0.015099   -6.166074
 17.7100   -0.917835    2.709120   -0.445309   -5.548585
 17.7800   -0.642023    4.802178   -0.791900   -3.888078
 17.8500   -0.245530    5.993750   -0.989640   -1.496476
 17.9200    0.197102    6.059134   -1.001407    1.174126
 17.9900    0.602748    4.988622   -0.825262    3.620354
 18.0600    0.895509    2.986183   -0.494558    5.384918
 18.1300    1.020814    0.427209   -0.071373    6.140777
 18.2000    0.955318   -2.212159    0.365151    5.748147
 18.2700    0.711112   -4.440539    0.733367    4.278563
 18.3400    0.333643   -5.839857    0.964150    2.003892
 18.4100   -0.106468   -6.144358    1.013912   -0.650376
 18.4800   -0.526567   -5.294566    0.873097   -3.183658
 18.5500   -0.847708   -3.451326    0.568200   -5.117378
 18.6200   -1.009753   -0.963926    0.156664   -6.088687
 18.6900   -0.982657    1.699719   -0.284216   -5.918640
 18.7600   -0.771792    4.042741   -0.671945   -4.641899
 18.8300   -0.416673    5.629827   -0.934082   -2.496826
 18.9000    0.016383    6.164600   -1.021501    0.118295
 18.9700    0.446371    5.544134   -0.917521    2.715732
 19.0400    0.792562    3.881564   -0.641298    4.806994
 19.1100    0.989790    1.488784   -0.244542    5.996236
 19.1800    1.000992   -1.182036    0.198175    6.058822
 19.2500    0.824304   -3.627168    0.603693    4.985275
 19.3200    0.493188   -5.389098    0.896113    2.980279
 19.3900    0.069831   -6.141194    1.020932    0.420132
 19.4600   -0.366579   -5.744703    0.954932   -2.218574
 19.5300   -0.734428   -4.272216    0.710332   -4.444808
 19.6000   -0.964689   -1.996077    0.332659   -5.841332
 19.6700   -1.013878    0.658370   -0.107455   -6.143080
 19.7400   -0.872517    3.190827   -0.527373   -5.290815
 19.8100   -0.567163    5.122732   -0.848169   -3.445468
 19.8800   -0.155335    6.091155   -1.009738   -0.956714
 19.9500    0.285599    5.917470   -0.982109    1.706883
 20.0200    0.673111    4.637245   -0.770774    4.048087
 20.0900    0.934813    2.489894   -0.415376    5.631969
 20.1600    1.021696   -0.125772    0.017701    6.163139
 20.2300    0.917205   -2.722259    0.447463    5.539624
 20.3000    0.640580   -4.811677    0.793248    3.874968
 20.3700    0.243570   -5.998580    0.989959    1.481034
 20.4400   -0.199221   -6.058418    1.000593   -1.189981
 20.5100   -0.604608   -4.981910    0.823361   -3.634042
 20.5800   -0.896689   -2.974394    0.491827   -5.393392
 20.6500   -1.021023   -0.413064    0.068286   -6.141755
 20.7200   -0.954518    2.224993   -0.368018   -5.741375
 20.7900   -0.709524    4.449050   -0.735506   -4.265926
 20.8600   -0.331651    5.842712   -0.965248   -1.988285
 20.9300    0.108455    6.141654   -1.013866    0.666327
 21.0000    0.528181    5.286922   -0.871962    3.197931
