  0.0000    5.452761    0.000000    0.000000    2.624374
  0.0700    5.411332   -1.185431    0.183706    2.604223
  0.1400    5.286800   -2.377945    0.364591    2.542768
  0.2100    5.078420   -3.584992    0.539694    2.436838
  0.2800    4.784901   -4.814795    0.705749    2.280517
  0.3500    4.404348   -6.076820    0.858966    2.063938
  0.4200    3.934147   -7.382291    0.994700    1.770885
  0.4900    3.370827   -8.744511    1.106890    1.373809
  0.5600    2.709915  -10.177579    1.187033    0.822521
  0.6300    1.945966  -11.685635    1.222043    0.015282
  0.7000    1.073926  -13.189464    1.189173   -1.279850
  0.7700    0.099441  -14.049384    1.042864   -3.434286
  0.8400   -0.892987  -13.163417    0.708373   -5.582925
  0.9100   -1.743437  -11.119894    0.261254   -6.541656
  0.9800   -2.449773   -9.212250   -0.207459   -6.621534
  1.0500   -3.033152   -7.567970   -0.665760   -6.379021
  1.1200   -3.509288   -6.114328   -1.100522   -5.995244
  1.1900   -3.889158   -4.795563   -1.505094   -5.535352
  1.2600   -4.180667   -3.575349   -1.875472   -5.026841
  1.3300   -4.389707   -2.429375   -2.208852   -4.482353
  1.4000   -4.520780   -1.340591   -2.503001   -3.907641
  1.4700   -4.577390   -0.296494   -2.755922   -3.304766
  1.5400   -4.562289    0.712454   -2.965668   -2.673479
  1.6100   -4.477646    1.693784   -3.130209   -2.011813
  1.6800   -4.325159    2.653606   -3.247322   -1.316246
  1.7500   -4.106141    3.596967   -3.314483   -0.581568
  1.8200   -3.821584    4.528014   -3.328741    0.199526
  1.8900   -3.472219    5.449960   -3.286550    1.037227
  1.9600   -3.058589    6.364695   -3.183530    1.946031
  2.0300   -2.581162    7.271654   -3.014105    2.947295
  2.1000   -2.040558    8.164685   -2.770908    4.074135
  2.1700   -1.438106    9.022718   -2.443727    5.381363
  2.2400   -0.777377    9.776911   -2.017518    6.965733
  2.3100   -0.069338   10.168602   -1.468524    8.981305
  2.3800    0.646227    9.326178   -0.760135   11.173991
  2.4500    1.236327    7.192638    0.095835   12.132224
  2.5200    1.653196    5.083549    0.938377   11.541503
  2.5900    1.948023    3.567113    1.711645   10.480221
  2.6600    2.152592    2.409480    2.405608    9.340529
  2.7300    2.285351    1.467930    3.019319    8.201033
  2.8000    2.358102    0.669305    3.553752    7.077144
  2.8700    2.379053   -0.027255    4.010120    5.969093
  2.9400    2.354286   -0.646501    4.389425    4.872949
  3.0100    2.288543   -1.204335    4.692333    3.783606
  3.0800    2.185680   -1.711350    4.919130    2.695607
  3.1500    2.048954   -2.174677    5.069718    1.603300
  3.2200    1.881225   -2.598978    5.143592    0.500740
  3.2900    1.685097   -2.986946    5.139821   -0.618529
  3.3600    1.463052   -3.339468    5.056998   -1.761795
  3.4300    1.217572   -3.655479    4.893170   -2.937646
  3.5000    0.951285   -3.931402    4.645728   -4.156628
  3.5700    0.667175   -4.159904    4.311242   -5.432256
  3.6400    0.368899   -4.327222    3.885212   -6.782583
  3.7100    0.061364   -4.407104    3.361680   -8.232598
  3.7800   -0.248096   -4.345423    2.732648   -9.817072
  3.8500   -0.546995   -4.014529    1.987290  -11.576073
  3.9200   -0.810130   -3.065277    1.111998  -13.456491
  3.9900   -0.976134   -0.984324    0.103382  -14.555718
  4.0600   -0.947935    1.261760   -0.925803  -13.863759
  4.1300   -0.799487    2.510180   -1.837545  -12.129673
  4.2000   -0.596510    3.086433   -2.623957  -10.412932
  4.2700   -0.367386    3.357286   -3.295355   -8.837112
  4.3400   -0.126490    3.464401   -3.861153   -7.380063
  4.4100    0.117630    3.469382   -4.328564   -6.013407
  4.4800    0.359223    3.402876   -4.703030   -4.715012
  4.5500    0.594032    3.281507   -4.988666   -3.468255
  4.6200    0.818634    3.114624   -5.188585   -2.260361
  4.6900    1.030080    2.907332   -5.305116   -1.081131
  4.7600    1.225661    2.661931   -5.339944    0.077934
  4.8300    1.402750    2.378597   -5.294205    1.224242
  4.9000    1.558664    2.055611   -5.168550    2.364560
  4.9700    1.690536    1.689274   -4.963167    3.505361
  5.0400    1.795163    1.273462   -4.677799    4.653106
  5.1100    1.868820    0.798722   -4.311732    5.814475
  5.1800    1.906984    0.250523   -3.863773    6.996451
  5.2500    1.903894   -0.394119   -3.332229    8.206015
  5.3200    1.851807   -1.173670   -2.714931    9.448348
  5.3900    1.739580   -2.158085   -2.009460   10.719066
  5.4600    1.549675   -3.488230   -1.214261   11.967480
  5.5300    1.251228   -5.436875   -0.334013   12.888198
  5.6000    0.788513   -7.725174    0.590086   12.367036
  5.6700    0.169703   -8.980565    1.397372   10.376304
  5.7400   -0.468766   -8.907484    2.042769    8.289516
  5.8100   -1.077344   -8.371975    2.557904    6.594572
  5.8800   -1.640843   -7.686606    2.966009    5.173230
  5.9500   -2.153469   -6.940584    3.282157    3.933187
  6.0200   -2.612525   -6.164175    3.516655    2.819952
  6.0900   -3.016454   -5.368480    3.676950    1.799977
  6.1600   -3.364112   -4.557074    3.768652    0.851321
  6.2300   -3.654444   -3.730056    3.796135   -0.041125
  6.3000   -3.886320   -2.885621    3.762895   -0.888192
  6.3700   -4.058431   -2.020663    3.671788   -1.697858
  6.4400   -4.169213   -1.130943    3.525194   -2.476077
  6.5100   -4.216763   -0.210992    3.325137   -3.227240
  6.5800   -4.198751    0.746190    3.073381   -3.954369
  6.6500   -4.112296    1.749707    2.771526   -4.659062
  6.7200   -3.953792    2.811717    2.421112   -5.341091
  6.7900   -3.718656    3.949052    2.023773   -5.997347
  6.8600   -3.400925    5.186081    1.581484   -6.619313
  6.9300   -2.992605    6.559953    1.097069   -7.186651
  7.0000   -2.482532    8.130139    0.575352   -7.648555
  7.0700   -1.854385    9.988246    0.026271   -7.858394
  7.1400   -1.084177   12.136390   -0.524823   -7.324110
  7.2100   -0.155291   13.480899   -0.999104   -5.417347
  7.2800    0.803149   13.096080   -1.283251   -3.107116
  7.3500    1.678161   11.793026   -1.434100   -1.550684
  7.4200    2.454172   10.390645   -1.500347   -0.521352
  7.4900    3.132851    9.027467   -1.507090    0.224997
  7.5600    3.718018    7.716660   -1.468847    0.800289
  7.6300    4.213183    6.451034   -1.395049    1.260466
  7.7000    4.621162    5.220683   -1.292382    1.636594
  7.7700    4.944079    4.016276   -1.165926    1.947259
  7.8400    5.183441    2.829479   -1.019766    2.204072
  7.9100    5.340206    1.652762   -0.857356    2.414341
  7.9800    5.414828    0.479077   -0.681758    2.582441
  8.0500    5.407277   -0.698475   -0.495814    2.710495
  8.1200    5.317041   -1.886978   -0.302289    2.798642
  8.1900    5.143100   -3.094088   -0.104004    2.844954
  8.2600    4.883869   -4.328481    0.096005    2.844984
  8.3300    4.537113   -5.600441    0.294293    2.790742
  8.4000    4.099807   -6.922640    0.486709    2.668607
  8.4700    3.567943   -8.311054    0.667899    2.454956
  8.5400    2.936260   -9.785346    0.830403    2.106186
  8.6100    2.197995  -11.363848    0.962765    1.532932
  8.6800    1.345321  -13.017278    1.045013    0.525420
  8.7500    0.375576  -14.302013    1.036323   -1.361711
  8.8200   -0.656961  -13.939051    0.854374   -3.654599
  8.8900   -1.575891  -12.110137    0.524680   -5.048663
  8.9600   -2.352380  -10.194274    0.147561   -5.443767
  9.0300   -3.003090   -8.502073   -0.237448   -5.437361
  9.1000   -3.542670   -6.990139   -0.613670   -5.250198
  9.1700   -3.981709   -5.608841   -0.972476   -4.963835
  9.2400   -4.327908   -4.323571   -1.308607   -4.613762
  9.3100   -4.587009   -3.110517   -1.618402   -4.217160
  9.3800   -4.763381   -1.952684   -1.899009   -3.782660
  9.4500   -4.860385   -0.837414   -2.147975   -3.314311
  9.5200   -4.880618    0.245121   -2.363013   -2.813344
  9.5900   -4.826068    1.302858   -2.541843   -2.278962
  9.6600   -4.698218    2.342443   -2.682067   -1.708625
  9.7300   -4.498126    3.369622   -2.781050   -1.098012
  9.8000   -4.226471    4.389476   -2.835789   -0.440665
  9.8700   -3.883599    5.406499   -2.842744    0.272738
  9.9400   -3.469561    6.424429   -2.797606    1.055734
 10.0100   -2.984179    7.445530   -2.694941    1.928563
 10.0800   -2.427187    8.468379   -2.527607    2.922991
 10.1500   -1.798606    9.480846   -2.285722    4.092333
 10.2200   -1.099869   10.434495   -1.954680    5.533403
 10.2900   -0.337777   11.129320   -1.511046    7.421543
 10.3600    0.458236   10.760390   -0.915664    9.726823
 10.4300    1.168678    8.886192   -0.149291   11.109531
 10.5000    1.702303    6.663878    0.639670   10.910377
 10.5700    2.101621    4.975533    1.378162   10.071836
 10.6400    2.398878    3.655026    2.049727    9.088371
 10.7100    2.613324    2.560592    2.650534    8.072868
 10.7800    2.757361    1.616345    3.179929    7.053828
 10.8500    2.839612    0.779201    3.638070    6.037751
 10.9200    2.866449    0.022744    4.025214    5.024208
 10.9900    2.842797   -0.670229    4.341459    4.010246
 11.0600    2.772617   -1.311395    4.586648    2.991823
 11.1300    2.659201   -1.908853    4.760314    1.964253
 11.2000    2.505377   -2.468193    4.861644    0.922261
 11.2700    2.313654   -2.993061    4.889431   -0.140159
 11.3400    2.086349   -3.485395    4.842021   -1.230030
 11.4100    1.825699   -3.945360    4.717227   -2.355850
 11.4800    1.533998   -4.370919    4.512203   -3.528287
 11.5500    1.213770   -4.756792    4.223267   -4.761291
 11.6200    0.868047   -5.092155    3.845622   -6.073884
 11.6900    0.500869   -5.355344    3.372923   -7.493139
 11.7600    0.118299   -5.500188    2.796582   -9.058747
 11.8300   -0.269158   -5.414748    2.104698  -10.825155
 11.9000   -0.639765   -4.778393    1.281061  -12.799494
 11.9700   -0.938133   -2.943977    0.312769  -14.272288
 12.0400   -1.051922   -0.613479   -0.717060  -14.021936
 12.1100   -1.024020    0.921464   -1.650302  -12.489399
 12.1800   -0.922917    1.742920   -2.465576  -10.849060
 12.2500   -0.780011    2.224345   -3.169170   -9.308534
 12.3200   -0.611509    2.520451   -3.768770   -7.867562
 12.3900   -0.427148    2.700122   -4.270629   -6.505630
 12.4600   -0.233492    2.798331   -4.679559   -5.204170
 12.5300   -0.035381    2.834523   -4.999213   -3.948410
 12.6000    0.163341    2.820050   -5.232336   -2.726589
 12.6700    0.359426    2.761540   -5.380935   -1.529059
 12.7400    0.549957    2.662533   -5.446404   -0.347568
 12.8100    0.732180    2.524284   -5.429595    0.825270
 12.8800    0.903357    2.346076   -5.330866    1.996405
 12.9500    1.060631    2.125206   -5.150098    3.172703
 13.0200    1.200885    1.856610   -4.886688    4.361290
 13.0900    1.320556    1.532044   -4.539518    5.569882
 13.1600    1.415372    1.138453   -4.106904    6.807093
 13.2300    1.479940    0.654774   -3.586525    8.082573
 13.3000    1.507040    0.045208   -2.975344    9.406238
 13.3700    1.486269   -0.756393   -2.269651   10.783266
 13.4400    1.401145   -1.886712   -1.465687   12.186757
 13.5100    1.222129   -3.639220   -0.563505   13.387132
 13.5800    0.891654   -5.989752    0.408512   13.304710
 13.6500    0.383564   -7.594665    1.299154   11.584628
 13.7200   -0.171599   -7.849360    2.030360    9.481056
 13.7900   -0.715347   -7.547706    2.626502    7.708122
 13.8600   -1.228278   -7.049905    3.109497    6.196947
 13.9300   -1.702333   -6.465190    3.494074    4.863778
 14.0000   -2.133404   -5.833131    3.790425    3.656112
 14.0700   -2.518972   -5.169919    4.005930    2.540817
 14.1400   -2.857193   -4.482255    4.146140    1.495863
 14.2100   -3.146487   -3.772334    4.215351    0.505843
 14.2800   -3.385320   -3.039845    4.216958   -0.440486
 14.3500   -3.572066   -2.282806    4.153683   -1.351608
 14.4200   -3.704913   -1.497863    4.027733   -2.234086
 14.4900   -3.781767   -0.680276    3.840911   -3.093053
 14.5600   -3.800151    0.176338    3.594705   -3.932466
 14.6300   -3.757079    1.080540    3.290366   -4.755145
 14.7000   -3.648876    2.044007    2.928985   -5.562522
 14.7700   -3.470918    3.083169    2.511613   -6.353884
 14.8400   -3.217232    4.222154    2.039441   -7.124423
 14.9100   -2.879817    5.498368    1.514193   -7.860110
 14.9800   -2.447460    6.973456    0.939026   -8.522443
 15.0500   -1.903533    8.751233    0.321051   -8.993636
 15.1200   -1.222288   10.921455   -0.320083   -8.847598
 15.1900   -0.374529   12.635432   -0.917612   -7.250859
 15.2600    0.546673   12.724070   -1.335203   -4.900807
 15.3300    1.406841   11.664140   -1.603725   -3.124725
 15.4000    2.179652   10.400487   -1.772665   -1.893189
 15.4700    2.862909    9.134917   -1.868772   -0.964400
 15.5400    3.458541    7.900122   -1.907681   -0.219985
 15.6100    3.968926    6.696934   -1.899570    0.400308
 15.6800    4.396111    5.519494   -1.851638    0.930363
 15.7500    4.741655    4.360782   -1.769319    1.390753
 15.8200    5.006621    3.213894   -1.656933    1.794600
 15.8900    5.191600    2.072216   -1.518075    2.150456
 15.9600    5.296731    0.929288   -1.355869    2.463801
 16.0300    5.321701   -0.221431   -1.173143    2.737820
 16.1000    5.265731   -1.386868   -0.972574    2.973741
 16.1700    5.127539   -2.574702   -0.756819    3.170852
 16.2400    4.905272   -3.793853   -0.528655    3.326160
 16.3100    4.596400   -5.055157   -0.291157    3.433541
 16.3800    4.197551   -6.372331   -0.047959    3.481958
 16.4500    3.704273   -7.763371    0.196318    3.451689
 16.5200    3.110679   -9.252195    0.435278    3.305649
 16.5900    2.408966  -10.867965    0.659108    2.966799
 16.6600    1.589164  -12.619010    0.850629    2.250231
 16.7300    0.642305  -14.230827    0.974141    0.696328
 16.8000   -0.403152  -14.402308    0.948115   -1.624787
 16.8700   -1.374018  -12.898475    0.746671   -3.405465
 16.9400   -2.208939  -11.028105    0.471350   -4.125051
 17.0100   -2.917953   -9.321761    0.169164   -4.363738
 17.0800   -3.513985   -7.778369   -0.139573   -4.381275
 17.1500   -4.006925   -6.357877   -0.444215   -4.276184
 17.2200   -4.404088   -5.028762   -0.738239   -4.092223
 17.2900   -4.710951   -3.768417   -1.017126   -3.851248
 17.3600   -4.931666   -2.560330   -1.277414   -3.564857
 17.4300   -5.069398   -1.391979   -1.516206   -3.239164
 17.5000   -5.126543   -0.253459   -1.730897   -2.876948
 17.5700   -5.104882    0.863397   -1.918979   -2.478656
 17.6400   -5.005668    1.965620   -2.077908   -2.042826
 17.7100   -4.829695    3.059510   -2.204975   -1.566133
 17.7800   -4.577336    4.150934   -2.297167   -1.043117
 17.8500   -4.248564    5.245502   -2.351011   -0.465534
 17.9200   -3.842966    6.348596   -2.362342    0.178890
 17.9900   -3.359761    7.465041   -2.325966    0.908799
 18.0600   -2.797860    8.597747   -2.235110    1.753777
 18.1300   -2.156076    9.742900   -2.080437    2.764007
 18.2000   -1.433854   10.871360   -1.848149    4.032353
 18.2700   -0.634086   11.841301   -1.515908    5.740922
 18.3400    0.223928   11.977010   -1.044420    8.043031
 18.4100    1.042695   10.469781   -0.389884    9.809278
 18.4800    1.689697    8.208936    0.328879   10.066794
 18.5500    2.191946    6.369029    1.019467    9.490699
 18.6200    2.581361    4.899117    1.657577    8.689504
 18.6900    2.877823    3.663502    2.235998    7.818990
 18.7600    3.094251    2.584396    2.752235    6.923468
 18.8300    3.239638    1.616753    3.205284    6.016795
 18.9000    3.320597    0.732631    3.594587    5.102574
 18.9700    3.342207   -0.086380    3.919644    4.180324
 19.0400    3.308504   -0.852970    4.179832    3.247636
 19.1100    3.222791   -1.576150    4.374313    2.300960
 19.1800    3.087843   -2.262394    4.501966    1.335840
 19.2500    2.906056   -2.916269    4.561330    0.346868
 19.3200    2.679565   -3.540736    4.550528   -0.672546
 19.3900    2.410353   -4.137175    4.467174   -1.730617
 19.4600    2.100361   -4.705091    4.308242   -2.837885
 19.5300    1.751640   -5.241280    4.069870   -4.008382
 19.6000    1.366581   -5.737940    3.747068   -5.261572
 19.6700    0.948328   -6.178193    3.333250   -6.625738
 19.7400    0.501634   -6.524398    2.819465   -8.143829
 19.8100    0.034913   -6.682305    2.193114   -9.880913
 19.8800   -0.433888   -6.370836    1.436137  -11.894054
 19.9500   -0.857004   -4.871697    0.527946  -13.696654
 20.0200   -1.115926   -2.547796   -0.481394  -13.922592
 20.0900   -1.213696   -0.740216   -1.421217  -12.657285
 20.1600   -1.219556    0.327222   -2.253414  -11.129229
 20.2300   -1.167885    1.020119   -2.979309   -9.650641
 20.3000   -1.076739    1.506021   -3.604504   -8.248632
 20.3700   -0.957042    1.861276   -4.134117   -6.912292
 20.4400   -0.816161    2.125274   -4.572225   -5.627387
 20.5100   -0.659503    2.320326   -4.921951   -4.381411
 20.5800   -0.491315    2.459805   -5.185622   -3.163891
 20.6500   -0.315131    2.551879   -5.364896   -1.965922
 20.7200   -0.134052    2.601347   -5.460851   -0.779657
 20.7900    0.049058    2.610565   -5.474048    0.402133
 20.8600    0.231427    2.579851   -5.404553    1.586446
 20.9300    0.410237    2.507539   -5.251945    2.780410
 21.0000    0.582482    2.389693   -5.015295    3.991659
