  0.0000    1.666412    0.000000    0.000000    4.634848
  0.0700    1.591471   -2.133143    0.324439    4.418234
  0.1400    1.367772   -4.223471    0.618553    3.736826
  0.2100    1.000185   -6.172070    0.847595    2.491689
  0.2800    0.503682   -7.704030    0.967389    0.537581
  0.3500   -0.078379   -8.193636    0.922856   -2.067072
  0.4200   -0.643427   -7.088102    0.677999   -4.534838
  0.4900   -1.070714   -4.836654    0.287979   -5.912608
  0.5600   -1.320559   -2.378048   -0.149766   -6.118407
  0.6300   -1.403640   -0.146019   -0.568598   -5.561674
  0.7000   -1.341001    1.784570   -0.928400   -4.524059
  0.7700   -1.153801    3.415745   -1.201966   -3.135683
  0.8400   -0.862797    4.737184   -1.367396   -1.444091
  0.9100   -0.490595    5.690943   -1.404139    0.544872
  0.9800   -0.066065    6.126827   -1.291114    2.828538
  1.0500    0.367161    5.732360   -1.008144    5.296101
  1.1200    0.736465    4.120429   -0.549660    7.412066
  1.1900    0.944021    1.543720    0.029545    8.229875
  1.2600    0.952586   -0.977782    0.602523    7.489536
  1.3300    0.807132   -2.791648    1.078080    5.840366
  1.4000    0.561756   -3.916711    1.420174    3.847143
  1.4700    0.258792   -4.498771    1.616681    1.740739
  1.5400   -0.068072   -4.625714    1.663877   -0.395820
  1.6100   -0.388808   -4.318645    1.561266   -2.523127
  1.6800   -0.672683   -3.535434    1.310640   -4.593376
  1.7500   -0.883769   -2.166553    0.918193   -6.488407
  1.8200   -0.976000   -0.073980    0.402263   -7.882996
  1.8900   -0.894126    2.585748   -0.185426   -8.101879
  1.9600   -0.613995    4.910503   -0.732000   -6.724928
  2.0300   -0.206655    6.052032   -1.126916   -4.371682
  2.1000    0.233289    6.082562   -1.344036   -1.935867
  2.1700    0.644903    5.413619   -1.397938    0.241374
  2.2400    0.991196    4.296538   -1.310244    2.112653
  2.3100    1.246419    2.843412   -1.102166    3.682271
  2.3800    1.389274    1.092565   -0.794726    4.934431
  2.4500    1.399378   -0.953528   -0.411346    5.799573
  2.5200    1.255780   -3.284493    0.017215    6.105388
  2.5900    0.939549   -5.743774    0.443409    5.509800
  2.6600    0.451651   -7.690469    0.788587    3.673105
  2.7300   -0.137117   -8.211822    0.957643    1.024177
  2.8000   -0.698004   -7.244901    0.931971   -1.391861
  2.8700   -1.151403   -5.496784    0.762783   -3.066443
  2.9400   -1.467553   -3.466691    0.502669   -4.075467
  3.0100   -1.636740   -1.347739    0.192218   -4.560594
  3.0800   -1.656237    0.789956   -0.135814   -4.598544
  3.1500   -1.526146    2.908899   -0.451579   -4.200102
  3.2200   -1.248991    4.954563   -0.723828   -3.312524
  3.2900   -0.832507    6.785744   -0.915332   -1.816629
  3.3600   -0.298987    8.021163   -0.978156    0.409332
  3.4300    0.290456    7.955018   -0.858025    3.091545
  3.5000    0.814716    6.329517   -0.545340    5.243335
  3.5700    1.176588    3.906019   -0.123959    6.152858
  3.6400    1.361558    1.503752    0.316060    6.021660
  3.7100    1.387113   -0.616514    0.719074    5.248486
  3.7800    1.275246   -2.427804    1.050848    4.055931
  3.8500    1.047221   -3.934713    1.286904    2.540024
  3.9200    0.724386   -5.115025    1.406452    0.731003
  3.9900    0.331117   -5.886251    1.389245   -1.370749
  4.0600   -0.099689   -6.051960    1.214547   -3.743410
  4.1300   -0.516157   -5.244096    0.865167   -6.173595
  4.2000   -0.833862   -3.198830    0.350244   -7.918809
  4.2700   -0.963993   -0.515214   -0.243466   -8.142175
  4.3400   -0.905992    1.778922   -0.789661   -6.974476
  4.4100   -0.714944    3.316920   -1.219893   -5.143449
  4.4800   -0.441623    4.213948   -1.509744   -3.083132
  4.5500   -0.124991    4.604352   -1.651531   -0.954732
  4.6200    0.202986    4.553740   -1.643406    1.181954
  4.6900    0.512532    4.062691   -1.486058    3.289884
  4.7600    0.771763    3.067831   -1.182822    5.305860
  4.8300    0.942029    1.441884   -0.743237    7.061254
  4.9000    0.973627   -0.908802   -0.194247    8.114092
  4.9700    0.814796   -3.578019    0.392736    7.754513
  5.0400    0.472704   -5.531627    0.891385    5.908040
  5.1100    0.040368   -6.217597    1.219861    3.442254
  5.1800   -0.397759   -5.937422    1.373301    1.081813
  5.2500   -0.790871   -5.067110    1.371315   -0.979882
  5.3200   -1.107155   -3.802573    1.236117   -2.730548
  5.3900   -1.323231   -2.225548    0.989039   -4.173431
  5.4600   -1.418732   -0.359264    0.651837   -5.278929
  5.5300   -1.373528    1.796516    0.249989   -5.950133
  5.6000   -1.167219    4.203820   -0.181182   -5.964525
  5.6700   -0.784993    6.580300   -0.585045   -4.934812
  5.7400   -0.245977    8.094369   -0.872055   -2.702796
  5.8100    0.348219    8.024385   -0.963436   -0.021309
  5.8800    0.877437    6.681185   -0.875039    2.139493
  5.9500    1.283585    4.780979   -0.663907    3.544322
  6.0200    1.546774    2.696128   -0.378834    4.333007
  6.0900    1.661043    0.561051   -0.057286    4.630480
  6.1600    1.625321   -1.572529    0.269434    4.491342
  6.2300    1.440889   -3.666580    0.571502    3.905999
  6.3000    1.112000   -5.646975    0.816273    2.800441
  6.3700    0.650312   -7.312599    0.963563    1.041673
  6.4400    0.088236   -8.158070    0.962108   -1.420941
  6.5100   -0.491818   -7.502386    0.764632   -4.040121
  6.5800   -0.962098   -5.465699    0.396491   -5.775361
  6.6500   -1.257016   -2.981572   -0.043919   -6.248540
  6.7200   -1.379518   -0.669417   -0.478305   -5.830839
  6.7900   -1.350734    1.332361   -0.860236   -4.869514
  6.8600   -1.192988    3.021617   -1.160037   -3.535976
  6.9300   -0.927708    4.398856   -1.355273   -1.899212
  7.0000   -0.577148    5.426053   -1.425927    0.023545
  7.0700   -0.168060    5.990174   -1.351977    2.231414
  7.1400    0.261476    5.840833   -1.113529    4.664404
  7.2100    0.649656    4.582264   -0.698960    6.958668
  7.2800    0.902993    2.190172   -0.139315    8.215390
  7.3500    0.956281   -0.454247    0.451194    7.862348
  7.4200    0.839399   -2.474305    0.961414    6.367337
  7.4900    0.609878   -3.749546    1.342621    4.409643
  7.5600    0.314462   -4.433006    1.578764    2.305191
  7.6300   -0.010743   -4.638879    1.665348    0.166021
  7.7000   -0.334981   -4.410866    1.602007   -1.962283
  7.7700   -0.628264   -3.729144    1.390628   -4.039241
  7.8400   -0.857061   -2.509142    1.036513   -5.977177
  7.9100   -0.979544   -0.615650    0.553824   -7.536774
  7.9800   -0.943252    1.941023   -0.018635   -8.149881
  8.0500   -0.707801    4.472758   -0.587160   -7.201660
  8.1200   -0.317066    5.975232   -1.026868   -5.007762
  8.1900    0.128732    6.247767   -1.288246   -2.525394
  8.2600    0.557621    5.702766   -1.380423   -0.266603
  8.3300    0.927119    4.655756   -1.325571    1.674037
  8.4000    1.209427    3.255816   -1.146058    3.300911
  8.4700    1.382933    1.560550   -0.863443    4.610576
  8.5400    1.427904   -0.417810   -0.500577    5.555493
  8.6100    1.324440   -2.675181   -0.085674    6.004621
  8.6800    1.053379   -5.122353    0.340070    5.678496
  8.7500    0.607310   -7.302559    0.709315    4.188549
  8.8200    0.031020   -8.280746    0.926467    1.667557
  8.8900   -0.551994   -7.660703    0.942773   -0.908087
  8.9600   -1.041478   -6.035799    0.799335   -2.783487
  9.0300   -1.397006   -4.030667    0.553085   -3.932884
  9.1000   -1.605772   -1.910971    0.248731   -4.513872
  9.1700   -1.664542    0.229812   -0.078857   -4.629167
  9.2400   -1.573598    2.350525   -0.399352   -4.311697
  9.3100   -1.335468    4.406731   -0.682495   -3.531341
  9.3800   -0.956656    6.294223   -0.893740   -2.193229
  9.4500   -0.454277    7.729404   -0.989547   -0.165004
  9.5200    0.125461    8.087199   -0.916841    2.462047
  9.5900    0.677931    6.857205   -0.644860    4.870153
  9.6600    1.085470    4.540300   -0.235019    6.132374
  9.7300    1.313573    2.076169    0.213672    6.217535
  9.8000    1.376133   -0.125404    0.635436    5.554606
  9.8700    1.296016   -2.003889    0.991317    4.426701
  9.9400    1.095589   -3.567326    1.255174    2.962745
 10.0100    0.796590   -4.807277    1.406101    1.210216
 10.0800    0.422570   -5.665554    1.424604   -0.822599
 10.1500    0.003413   -5.991176    1.290937   -3.125873
 10.2200   -0.416195   -5.475546    0.986982   -5.572636
 10.2900   -0.763164   -3.758186    0.510768   -7.605187
 10.3600   -0.942341   -1.143224   -0.077745   -8.290468
 10.4300   -0.923215    1.336783   -0.649897   -7.424915
 10.5000   -0.755191    3.066816   -1.117233   -5.690241
 10.5700   -0.493861    4.094460   -1.446531   -3.646377
 10.6400   -0.181967    4.575606   -1.627725   -1.515301
 10.7100    0.146724    4.601210   -1.658673    0.624720
 10.7800    0.462203    4.193606   -1.540265    2.735382
 10.8500    0.733829    3.312344   -1.275719    4.766701
 10.9200    0.925931    1.852886   -0.872926    6.594585
 10.9900    0.993233   -0.307222   -0.352477    7.885213
 11.0600    0.882920   -2.975445    0.231003    7.969270
 11.1300    0.576671   -5.226825    0.763220    6.475699
 11.2000    0.151164   -6.248594    1.137601    4.069454
 11.2700   -0.298132   -6.160417    1.332944    1.636605
 11.3400   -0.711294   -5.388300    1.366726   -0.505045
 11.4100   -1.052494   -4.183908    1.262237   -2.320657
 11.4800   -1.297041   -2.658162    1.041834   -3.819618
 11.5500   -1.424637   -0.849637    0.727491   -4.987559
 11.6200   -1.415990    1.236157    0.343576   -5.754473
 11.6900   -1.251575    3.580522   -0.078135   -5.947545
 11.7600   -0.914717    6.008916   -0.489081   -5.230820
 11.8300   -0.410327    7.860547   -0.810450   -3.297329
 11.9000    0.185760    8.246251   -0.950707   -0.625547
 11.9700    0.744148    7.160455   -0.898027    1.737941
 12.0400    1.188223    5.334102   -0.707395    3.324499
 12.1100    1.490922    3.259010   -0.432597    4.234779
 12.1800    1.644485    1.119947   -0.114526    4.618651
 12.2500    1.647715   -1.017071    0.214014    4.555336
 12.3200    1.502095   -3.115111    0.523221    4.056783
 12.3900    1.211600   -5.116899    0.781964    3.072247
 12.4600    0.785729   -6.874681    0.953336    1.488663
 12.5300    0.249144   -7.999132    0.990377   -0.797093
 12.6000   -0.334150   -7.796950    0.841743   -3.473111
 12.6700   -0.842429   -6.064273    0.504141   -5.539120
 12.7400   -1.183148   -3.599843    0.066266   -6.326358
 12.8100   -1.346407   -1.208269   -0.381549   -6.078831
 12.8800   -1.352306    0.871674   -0.784770   -5.205554
 12.9500   -1.224372    2.623920   -1.110326   -3.928672
 13.0200   -0.984957    4.057338   -1.334785   -2.343141
 13.0900   -0.656345    5.150736   -1.438366   -0.479810
 13.1600   -0.263854    5.821027   -1.401958    1.657244
 13.2300    0.158599    5.871726   -1.206352    4.036580
 13.3000    0.558188    4.943784   -0.836837    6.425123
 13.3700    0.850729    2.812104   -0.306835    8.064515
 13.4400    0.951882    0.121043    0.292195    8.151147
 13.5100    0.867675   -2.110951    0.834326    6.871635
 13.5800    0.656349   -3.557510    1.254224    4.969381
 13.6500    0.369623   -4.354753    1.530039    2.869465
 13.7200    0.046684   -4.643681    1.655949    0.725392
 13.7900   -0.280492   -4.491957    1.631594   -1.406506
 13.8600   -0.582190   -3.901323    1.459039   -3.489211
 13.9300   -0.826677   -2.810809    1.143105   -5.456200
 14.0000   -0.975704   -1.100614    0.695171   -7.131726
 14.0700   -0.980763    1.300878    0.144663   -8.066935
 14.1400   -0.793581    3.948773   -0.434200   -7.572017
 14.2100   -0.427935    5.805724   -0.915419   -5.629108
 14.2800    0.019221    6.368285   -1.222276   -3.133836
 14.3500    0.463625    5.974457   -1.354157   -0.791126
 14.4200    0.855645    5.007129   -1.333033    1.225855
 14.4900    1.164623    3.661245   -1.182537    2.914254
 14.5600    1.368219    2.017636   -0.925038    4.280875
 14.6300    1.447092    0.100534   -0.583214    5.296783
 14.7000    1.382294   -2.085862   -0.183488    5.864379
 14.7700    1.155071   -4.492528    0.237799    5.761763
 14.8400    0.753340   -6.816010    0.623159    4.614261
 14.9100    0.200830   -8.214677    0.883795    2.307784
 14.9800   -0.396715   -8.008826    0.946249   -0.366066
 15.0500   -0.920406   -6.561291    0.832546   -2.456511
 15.1200   -1.315295   -4.596585    0.602337   -3.767116
 15.1900   -1.563928   -2.477320    0.305150   -4.455200
 15.2600   -1.662120   -0.330913   -0.021391   -4.651073
 15.3300   -1.610256    1.793768   -0.346000   -4.411051
 15.4000   -1.410993    3.858183   -0.638938   -3.726755
 15.4700   -1.070110    5.784288   -0.867746   -2.527097
 15.5400   -0.601193    7.363350   -0.992732   -0.688190
 15.6100   -0.039241    8.085098   -0.964093    1.814900
 15.6800    0.530721    7.296750   -0.738646    4.397512
 15.7500    0.982304    5.175369   -0.348441    6.026906
 15.8200    1.255273    2.672488    0.105121    6.376701
 15.8900    1.356452    0.384500    0.544297    5.848231
 15.9600    1.309103   -1.568455    0.923874    4.792985
 16.0300    1.136869   -3.192347    1.215315    3.381092
 16.1000    0.862174   -4.490600    1.397227    1.680843
 16.1700    0.508185   -5.425542    1.450633   -0.289081
 16.2400    0.102598   -5.883429    1.356755   -2.522540
 16.3100   -0.315495   -5.615455    1.097478   -4.946910
 16.3800   -0.683565   -4.242868    0.664188   -7.176349
 16.4500   -0.909497   -1.789655    0.092789   -8.309544
 16.5200   -0.934117    0.832689   -0.499148   -7.823355
 16.5900   -0.792920    2.775438   -1.002481   -6.231699
 16.6600   -0.545556    3.954195   -1.371586   -4.215966
 16.7300   -0.239333    4.536431   -1.592716   -2.082108
 16.8000    0.089545    4.640677   -1.663081    0.064118
 16.8700    0.410362    4.312089   -1.583740    2.179392
 16.9400    0.693237    3.532182   -1.357966    4.222192
 17.0100    0.904867    2.219943   -0.992633    6.100316
 17.0800    1.004029    0.251232   -0.503922    7.566477
 17.1500    0.940040   -2.334191    0.066674    8.050654
 17.2200    0.677242   -4.814347    0.623169    6.974476
 17.2900    0.266031   -6.203624    1.043101    4.708321
 17.3600   -0.191265   -6.353749    1.282334    2.217168
 17.4300   -0.623494   -5.701027    1.353504   -0.011548
 17.5000   -0.989409   -4.563206    1.280718   -1.899504
 17.5700   -1.262343   -3.087930    1.087574   -3.458026
 17.6400   -1.421719   -1.332362    0.796594   -4.686026
 17.7100   -1.448873    0.689325    0.431530   -5.536045
 17.7800   -1.325213    2.966857    0.021548   -5.876407
 17.8500   -1.033513    5.396703   -0.391167   -5.430556
 17.9200   -0.569675    7.500053   -0.738730   -3.832095
 17.9900    0.016494    8.348337   -0.927660   -1.264451
 18.0600    0.599092    7.599567   -0.915753    1.275658
 18.1300    1.080433    5.885766   -0.749068    3.067959
 18.2000    1.423099    3.828801   -0.486239    4.119075
 18.2700    1.616465    1.684553   -0.172398    4.598398
 18.3400    1.658937   -0.459064    0.157537    4.612138
 18.4100    1.552196   -2.562584    0.473302    4.194501
 18.4800    1.300175   -4.579987    0.744767    3.316894
 18.5500    0.910998   -6.401931    0.937667    1.888793
 18.6200    0.403905   -7.736727    1.009198   -0.208770
 18.6900   -0.172143   -7.961669    0.908439   -2.851543
 18.7600   -0.710729   -6.610430    0.609982   -5.193713
 18.8300   -1.097604   -4.234011    0.181319   -6.337313
 18.9000   -1.303491   -1.770265   -0.277242   -6.301815
 18.9700   -1.345441    0.395813   -0.700935   -5.534339
 19.0400   -1.248077    2.217984   -1.052050   -4.318753
 19.1100   -1.034923    3.710189   -1.305560   -2.782515
 19.1800   -0.728650    4.865846   -1.441602   -0.972968
 19.2500   -0.353705    5.626622   -1.441776    1.099121
 19.3200    0.059077    5.841092   -1.287725    3.416687
 19.3900    0.464048    5.205367   -0.963440    5.836692
 19.4600    0.787828    3.386880   -0.470588    7.780555
 19.5300    0.938212    0.740486    0.125838    8.331539
 19.6000    0.891496   -1.691822    0.695828    7.343103
 19.6700    0.701356   -3.334021    1.153872    5.527190
 19.7400    0.424733   -4.261992    1.469634    3.437440
 19.8100    0.104678   -4.641203    1.635114    1.286520
 19.8800   -0.225035   -4.565426    1.649747   -0.852163
 19.9500   -0.534482   -4.058171    1.515811   -2.941435
 20.0200   -0.793179   -3.080781    1.237946   -4.929182
 20.0900   -0.965791   -1.534027    0.825726   -6.685584
 20.1600   -1.007943    0.688464    0.301964   -7.868955
 20.2300   -0.869407    3.358337   -0.275928   -7.817868
 20.3000   -0.537776    5.530497   -0.792537   -6.211589
 20.3700   -0.095137    6.430094   -1.145551   -3.758450
 20.4400    0.362438    6.223595   -1.318720   -1.334341
 20.5100    0.776166    5.350186   -1.332358    0.766845
 20.5800    1.111464    4.061251   -1.211362    2.522727
 20.6500    1.344742    2.466314   -0.979176    3.947679
 20.7200    1.456748    0.604155   -0.658687    5.028747
 20.7900    1.429323   -1.516630   -0.275152    5.695610
 20.8600    1.244420   -3.868948    0.138699    5.775341
 20.9300    0.887671   -6.260475    0.533396    4.939054
 21.0000    0.367953   -8.012213    0.830166    2.913678
