  0.0000    0.466761    0.000000    0.000000    9.991187
  0.0700    0.325160   -2.686296    0.699383    8.564219
  0.1400    0.090679   -3.444775    1.198991    5.880503
  0.2100   -0.157108   -3.425176    1.522653    3.512629
  0.2800   -0.388845   -3.075360    1.690759    1.378951
  0.3500   -0.587659   -2.507653    1.715707   -0.614467
  0.4200   -0.739917   -1.739799    1.604733   -2.529447
  0.4900   -0.831231   -0.734335    1.361584   -4.407483
  0.5600   -0.842724    0.623063    0.987686   -6.264075
  0.6300   -0.744002    2.639257    0.484614   -7.987230
  0.7000   -0.473228    5.769699   -0.130527   -8.263241
  0.7700    0.063756    7.512403   -0.672240   -6.064461
  0.8400    0.578509    6.694703   -0.979551   -3.274471
  0.9100    1.001014    5.290308   -1.130666   -1.316743
  0.9800    1.319152    3.763494   -1.163895    0.214669
  1.0500    1.527904    2.164982   -1.100612    1.492691
  1.1200    1.622249    0.479734   -0.954918    2.592318
  1.1900    1.595066   -1.334544   -0.737688    3.540900
  1.2600    1.435413   -3.352993   -0.459192    4.321517
  1.3300    1.125647   -5.714421   -0.132675    4.816479
  1.4000    0.635394   -8.601875    0.215115    4.427336
  1.4700   -0.078615   -9.886698    0.487152    1.943979
  1.5400   -0.748744   -8.347731    0.487272   -0.795839
  1.6100   -1.247298   -5.962794    0.375734   -1.942655
  1.6800   -1.583535   -3.720124    0.215300   -2.439195
  1.7500   -1.768115   -1.597812    0.034247   -2.606603
  1.8200   -1.807228    0.464017   -0.149624   -2.542050
  1.8900   -1.703153    2.518304   -0.321640   -2.262572
  1.9600   -1.454666    4.614597   -0.466384   -1.726388
  2.0300   -1.057109    6.793763   -0.563335   -0.791149
  2.1000   -0.503539    8.946303   -0.577145    0.992620
  2.1700    0.195373    9.138890   -0.424368    4.019187
  2.2400    0.775906    6.724777   -0.014459    5.885071
  2.3100    1.136842    3.968475    0.399542    5.496863
  2.3800    1.331492    1.809050    0.755102    4.528386
  2.4500    1.390109   -0.005290    1.033516    3.350835
  2.5200    1.330752   -1.604344    1.224219    2.028497
  2.5900    1.165501   -3.051142    1.317506    0.552206
  2.6600    0.903592   -4.367702    1.301528   -1.130147
  2.7300    0.554023   -5.519562    1.159285   -3.132097
  2.8000    0.130853   -6.267026    0.863034   -5.694660
  2.8700   -0.323361   -5.167388    0.362033   -8.636572
  2.9400   -0.592581   -2.405400   -0.346086   -9.274622
  3.0100   -0.660117   -0.220868   -0.936414   -7.377963
  3.0800   -0.623503    0.985883   -1.379001   -5.299029
  3.1500   -0.522093    1.758364   -1.678278   -3.280005
  3.2200   -0.377332    2.270882   -1.838202   -1.296350
  3.2900   -0.204170    2.584005   -1.859768    0.696258
  3.3600   -0.015571    2.703634   -1.740725    2.748025
  3.4300    0.174339    2.579902   -1.475044    4.921589
  3.5000    0.345615    2.036726   -1.051703    7.295584
  3.5700    0.459480    0.402790   -0.453662    9.751802
  3.6400    0.402006   -2.347279    0.313549    9.769780
  3.7100    0.130861   -4.077296    0.914107    7.155732
  3.7800   -0.168816   -4.128333    1.315352    4.541728
  3.8500   -0.447105   -3.673975    1.549949    2.305898
  3.9200   -0.683172   -2.973110    1.638177    0.302981
  3.9900   -0.863341   -2.084401    1.592366   -1.557166
  4.0600   -0.974988   -0.999004    1.420174   -3.327972
  4.1300   -1.003201    0.345340    1.126450   -5.036380
  4.2000   -0.926641    2.105029    0.715081   -6.657121
  4.2700   -0.708497    4.671190    0.194453   -7.864282
  4.3400   -0.272674    7.386191   -0.385919   -6.649053
  4.4100    0.325570    7.923574   -0.736414   -3.598432
  4.4800    0.836626    6.444114   -0.889699   -1.278742
  4.5500    1.227746    4.692135   -0.915438    0.299845
  4.6200    1.493525    2.879695   -0.847721    1.487967
  4.6900    1.630903    1.011519   -0.707123    2.420883
  4.7600    1.635138   -0.947904   -0.508797    3.147003
  4.8300    1.498196   -3.059316   -0.266542    3.657018
  4.9000    1.206834   -5.420347    0.003185    3.849933
  4.9700    0.739348   -8.139250    0.272448    3.308280
  5.0400    0.067339   -9.887870    0.466345    0.777262
  5.1100   -0.644954   -8.801155    0.381265   -2.027931
  5.1800   -1.164823   -6.169255    0.182434   -3.037380
  5.2500   -1.508650   -3.787349   -0.043968   -3.201550
  5.3200   -1.695052   -1.620549   -0.265783   -3.005340
  5.3900   -1.735526    0.417758   -0.464716   -2.575216
  5.4600   -1.636566    2.388774   -0.626313   -1.935378
  5.5300   -1.401098    4.336505   -0.735669   -1.051506
  5.6000   -1.029455    6.282849   -0.773524    0.190818
  5.6700   -0.521499    8.129423   -0.708954    2.109100
  5.7400    0.108664    8.565090   -0.478250    5.220158
  5.8100    0.677613    6.450267    0.021868    7.090398
  5.8800    1.011701    3.616333    0.514406    6.448304
  5.9500    1.183900    1.571305    0.924630    5.166290
  6.0200    1.231684   -0.055112    1.237687    3.730894
  6.0900    1.176184   -1.431230    1.446956    2.204219
  6.1600    1.031312   -2.632087    1.546277    0.575536
  6.2300    0.807692   -3.686010    1.527531   -1.197239
  6.3000    0.515270   -4.576269    1.378664   -3.193746
  6.3700    0.167014   -5.177012    1.080406   -5.567078
  6.4400   -0.209511   -4.806507    0.599273   -8.510680
  6.5100   -0.505897   -2.358460   -0.111089   -9.736164
  6.5800   -0.539696    0.341839   -0.763790   -8.157187
  6.6500   -0.458039    1.577288   -1.253095   -5.866313
  6.7200   -0.318875    2.202409   -1.585074   -3.677020
  6.7900   -0.149702    2.504312   -1.767878   -1.577632
  6.8600    0.031728    2.573794   -1.805943    0.484385
  6.9300    0.210629    2.425902   -1.700064    2.560444
  7.0000    0.371354    2.015128   -1.447480    4.703419
  7.0700    0.492747    1.183613   -1.041586    6.962310
  7.1400    0.537060   -0.593343   -0.472757    9.205671
  7.2100    0.409679   -3.530347    0.247208    9.252998
  7.2800    0.042812   -5.320100    0.822663    6.700154
  7.3500   -0.335135   -5.060409    1.185230    3.981249
  7.4200   -0.665646   -4.236530    1.380038    1.777338
  7.4900   -0.928249   -3.176902    1.434057   -0.115954
  7.5600   -1.110412   -1.944345    1.363804   -1.811749
  7.6300   -1.200457   -0.526899    1.180412   -3.366664
  7.7000   -1.184178    1.138910    0.892471   -4.796525
  7.7700   -1.041010    3.198680    0.508899   -6.043457
  7.8400   -0.736363    5.957853    0.046387   -6.708464
  7.9100   -0.206910    8.430374   -0.430286   -5.007100
  7.9800    0.443890    8.424992   -0.654607   -1.918411
  8.0500    0.972588    6.527295   -0.698864    0.104674
  8.1200    1.357711    4.481372   -0.639952    1.322541
  8.1900    1.599981    2.445915   -0.513708    2.129406
  8.2600    1.700139    0.401962   -0.341836    2.662187
  8.3300    1.656255   -1.694978   -0.141002    2.959983
  8.4000    1.462842   -3.903594    0.072562    2.994336
  8.4700    1.109752   -6.297423    0.278205    2.623574
  8.5400    0.581203   -8.841479    0.439862    1.332510
  8.6100   -0.128055   -9.603523    0.464757   -1.563331
  8.6800   -0.763290   -7.585604    0.220996   -3.913459
  8.7500   -1.190040   -4.834164   -0.083128   -4.256452
  8.8200   -1.440073   -2.475528   -0.374907   -3.882849
  8.8900   -1.536613   -0.385782   -0.626727   -3.192262
  8.9600   -1.494083    1.534901   -0.821824   -2.277033
  9.0300   -1.321727    3.343947   -0.945511   -1.136206
  9.1000   -1.025930    5.064124   -0.980893    0.296189
  9.1700   -0.612750    6.644535   -0.904045    2.192514
  9.2400   -0.095695    7.621986   -0.673941    4.945643
  9.3100    0.454328    6.087963   -0.211655    7.428437
  9.3800    0.756620    2.961464    0.366040    7.596298
  9.4500    0.868933    0.709812    0.851827    6.062758
  9.5200    0.855994   -0.837842    1.214826    4.258982
  9.5900    0.751635   -1.989288    1.448085    2.371944
  9.6600    0.577493   -2.863900    1.546899    0.404040
  9.7300    0.350689   -3.492436    1.504650   -1.686395
  9.8000    0.088552   -3.826083    1.310803   -3.972228
  9.8700   -0.184962   -3.638286    0.948538   -6.555063
  9.9400   -0.420808   -2.038355    0.393095   -9.178127
 10.0100   -0.470332    0.770737   -0.336400   -9.364061
 10.0800   -0.312905    2.701799   -0.917874   -6.978429
 10.1500   -0.092080    3.238870   -1.313380   -4.448589
 10.2200    0.140537    3.222172   -1.540676   -2.140577
 10.2900    0.359024    2.887670   -1.613060    0.015338
 10.3600    0.544811    2.293007   -1.538529    2.084457
 10.4300    0.680045    1.413072   -1.321236    4.112216
 10.5000    0.742641    0.128779   -0.962819    6.112646
 10.5700    0.698074   -1.891985   -0.465466    7.942064
 10.6400    0.477763   -5.012159    0.149070    8.197220
 10.7100   -0.003628   -6.868123    0.682145    5.942080
 10.7800   -0.483774   -6.274742    0.980961    3.083644
 10.8500   -0.882092   -4.970458    1.113855    0.989551
 10.9200   -1.179638   -3.464577    1.119499   -0.665377
 10.9900   -1.367133   -1.830677    1.020702   -2.044364
 11.0600   -1.435933   -0.055156    0.833288   -3.215702
 11.1300   -1.374855    1.918795    0.570504   -4.188204
 11.2000   -1.167301    4.202883    0.246939   -4.884213
 11.2700   -0.786451    6.975292   -0.113286   -4.925021
 11.3400   -0.190761    9.297878   -0.442564   -2.875788
 11.4100    0.515252    8.942157   -0.515897    0.097556
 11.4800    1.061141    6.600755   -0.428906    1.726809
 11.5500    1.439357    4.281522   -0.274143    2.424515
 11.6200    1.660554    2.089816   -0.089474    2.695792
 11.6900    1.731931   -0.027680    0.103268    2.691004
 11.7600    1.656679   -2.125167    0.287266    2.446463
 11.8300    1.434408   -4.252133    0.445772    1.929723
 11.9000    1.061381   -6.446430    0.557428    1.008192
 11.9700    0.531908   -8.606674    0.586919   -0.729316
 12.0400   -0.143554   -9.048027    0.455323   -3.787537
 12.1100   -0.734816   -6.841536    0.056664   -5.818906
 12.1800   -1.101369   -4.015790   -0.359323   -5.544430
 12.2500   -1.297026   -1.802819   -0.719556   -4.595683
 12.3200   -1.353763    0.045098   -1.002719   -3.411433
 12.3900   -1.290713    1.664407   -1.197157   -2.069351
 12.4600   -1.120746    3.120346   -1.292428   -0.562723
 12.5300   -0.853864    4.432925   -1.275938    1.162531
 12.6000   -0.500137    5.556602   -1.129674    3.226426
 12.6700   -0.075940    6.199319   -0.824238    5.875999
 12.7400    0.367768    4.805946   -0.307034    8.668251
 12.8100    0.596893    1.901982    0.389317    9.053500
 12.8800    0.634045   -0.178982    0.960456    7.084018
 12.9500    0.571835   -1.321150    1.381079    4.964507
 13.0200    0.449084   -2.029846    1.655487    2.901702
 13.0900    0.287657   -2.469324    1.787318    0.869187
 13.1600    0.103379   -2.692690    1.777173   -1.178985
 13.2300   -0.089320   -2.693235    1.622260   -3.295650
 13.3000   -0.273674   -2.390869    1.315782   -5.545399
 13.3700   -0.424042   -1.511428    0.845904   -7.982640
 13.4400   -0.485274    0.892361    0.198213   -9.974515
 13.5100   -0.299111    3.493007   -0.550528   -9.162131
 13.5800    0.003747    4.321960   -1.084486   -6.300880
 13.6500    0.305963    4.078898   -1.432652   -3.857151
 13.7200    0.574793    3.489242   -1.624487   -1.747995
 13.7900    0.794457    2.703835   -1.677371    0.161317
 13.8600    0.953330    1.751944   -1.601902    1.947961
 13.9300    1.039730    0.612308   -1.404656    3.658078
 14.0000    1.039053   -0.786859   -1.089772    5.313483
 14.0700    0.929569   -2.618825   -0.660769    6.878381
 14.1400    0.672417   -5.315371   -0.126798    7.937739
 14.2100    0.185417   -7.710727    0.450515    6.416322
 14.2800   -0.407084   -7.773755    0.771487    3.276607
 14.3500   -0.902908   -6.222929    0.909240    1.101598
 14.4200   -1.278295   -4.471680    0.925710   -0.409931
 14.4900   -1.528944   -2.668142    0.851849   -1.563588
 14.5600   -1.651834   -0.807674    0.706808   -2.477623
 14.6300   -1.642018    1.148069    0.504982   -3.193173
 14.7000   -1.491105    3.262582    0.259764   -3.695914
 14.7700   -1.185257    5.638581   -0.012446   -3.875378
 14.8400   -0.701703    8.381628   -0.282789   -3.268133
 14.9100   -0.011829    9.906067   -0.469984   -0.659259
 14.9800    0.685146    8.585144   -0.375085    2.106604
 15.0500    1.190092    5.966842   -0.175060    3.040891
 15.1200    1.520504    3.600327    0.050639    3.186978
 15.1900    1.694137    1.438637    0.271117    2.982953
 15.2600    1.721913   -0.601527    0.468253    2.544743
 15.3300    1.609924   -2.579474    0.627381    1.891506
 15.4000    1.360787   -4.537744    0.733064    0.982548
 15.4700    0.974640   -6.493097    0.764938   -0.311215
 15.5400    0.451753   -8.304027    0.689494   -2.351017
 15.6100   -0.187924   -8.343880    0.435796   -5.466394
 15.6800   -0.716390   -5.930267   -0.075802   -7.137198
 15.7500   -1.018162   -3.190049   -0.563412   -6.345560
 15.8200   -1.162997   -1.203457   -0.964180   -5.007617
 15.8900   -1.186646    0.380337   -1.264479   -3.524697
 15.9600   -1.109750    1.717024   -1.457638   -1.947011
 16.0300   -0.946262    2.874817   -1.537060   -0.258625
 16.1000   -0.707275    3.874104   -1.493845    1.588941
 16.1700   -0.403888    4.680210   -1.314608    3.687039
 16.2400   -0.052046    5.100559   -0.977660    6.208307
 16.3100    0.310191    4.102861   -0.445445    9.142420
 16.3800    0.522355    1.491164    0.302279    9.790747
 16.4500    0.518954   -0.704967    0.925259    7.729431
 16.5200    0.423659   -1.697458    1.384399    5.460838
 16.5900    0.281310   -2.206966    1.689776    3.320946
 16.6600    0.114684   -2.443208    1.849332    1.266019
 16.7300   -0.060740   -2.473170    1.867019   -0.757958
 16.8000   -0.231560   -2.303060    1.743218   -2.801690
 16.8700   -0.383168   -1.884293    1.474783   -4.918395
 16.9400   -0.495361   -1.058450    1.054642   -7.160854
 17.0100   -0.531351    0.711010    0.472263   -9.408617
 17.0800   -0.395819    3.607207   -0.262564   -9.389054
 17.1500   -0.026342    5.325317   -0.842205   -6.775753
 17.2200    0.349725    5.030918   -1.211170   -4.088358
 17.2900    0.677987    4.212535   -1.414575   -1.910734
 17.3600    0.939480    3.175676   -1.478672   -0.034370
 17.4300    1.122581    1.978442   -1.419387    1.652727
 17.5000    1.216462    0.610116   -1.247290    3.208077
 17.5700    1.207997   -0.986549   -0.970256    4.652907
 17.6400    1.078345   -2.941957   -0.595884    5.950377
 17.7100    0.796123   -5.547005   -0.137203    6.813718
 17.7800    0.301764   -8.363863    0.358037    5.530551
 17.8500   -0.374818   -8.850316    0.637074    2.600766
 17.9200   -0.937280   -7.028736    0.722144    0.439855
 17.9900   -1.358841   -5.027967    0.698654   -0.846814
 18.0600   -1.641196   -3.052772    0.603590   -1.718790
 18.1300   -1.786229   -1.086066    0.458023   -2.332316
 18.2000   -1.793245    0.913700    0.277066   -2.741761
 18.2700   -1.658311    2.999227    0.074177   -2.946352
 18.3400   -1.373353    5.241586   -0.135423   -2.878837
 18.4100   -0.924488    7.726832   -0.328861   -2.295802
 18.4800   -0.291597   10.051349   -0.456836   -0.245817
 18.5500    0.482700    9.640696   -0.363275    2.405776
 18.6200    1.058101    6.889288   -0.120027    3.625924
 18.6900    1.447201    4.418258    0.144354    3.663132
 18.7600    1.676657    2.252559    0.392812    3.309159
 18.8300    1.762559    0.270284    0.607637    2.739044
 18.9000    1.714497   -1.604315    0.776278    1.993646
 18.9700    1.537955   -3.420601    0.886747    1.060035
 19.0400    1.235612   -5.209857    0.924683   -0.124611
 19.1100    0.808575   -6.964387    0.869302   -1.719889
 19.1800    0.260598   -8.403465    0.683898   -4.158205
 19.2500   -0.367910   -7.383949    0.287153   -6.912481
 19.3200   -0.773155   -4.359672   -0.283849   -7.632344
 19.3900   -0.978264   -1.965077   -0.781375   -6.336689
 19.4600   -1.048265   -0.264736   -1.170986   -4.744501
 19.5300   -1.015327    1.068177   -1.445605   -3.072242
 19.6000   -0.898721    2.165037   -1.601099   -1.331954
 19.6700   -0.712222    3.078490   -1.632079    0.506648
 19.7400   -0.467732    3.812096   -1.530169    2.500699
 19.8100   -0.178529    4.299025   -1.281981    4.748677
 19.8800    0.134131    4.240359   -0.865354    7.411249
 19.9500    0.415122    2.298260   -0.244406    9.880922
 20.0200    0.455888   -0.516824    0.517975    9.642265
 20.0900    0.342766   -1.996448    1.105511    7.166395
 20.1600    0.176385   -2.505496    1.521270    4.830092
 20.2300   -0.008003   -2.629468    1.781724    2.685413
 20.3000   -0.191740   -2.524185    1.897228    0.654329
 20.3700   -0.361389   -2.234028    1.873330   -1.323844
 20.4400   -0.504504   -1.752063    1.711890   -3.298592
 20.5100   -0.606678   -1.019349    1.411527   -5.315268
 20.5800   -0.647213    0.132964    0.967753   -7.404315
 20.6500   -0.588063    2.240413    0.374923   -9.358649
 20.7200   -0.333555    5.030471   -0.342458   -8.816430
 20.7900    0.116203    6.226255   -0.859377   -5.913871
 20.8600    0.538120    5.518732   -1.170400   -3.336860
 20.9300    0.888825    4.401290   -1.326538   -1.321952
 21.0000    1.154301    3.120976   -1.355474    0.375199
