  0.0000   30.338904    0.000000    0.000000    1.132869
  0.0700   30.321340   -0.501886    0.079301    1.132213
  0.1400   30.268640   -1.004059    0.158510    1.130241
  0.2100   30.180772   -1.506804    0.237535    1.126945
  0.2800   30.057687   -2.010414    0.316282    1.122313
  0.3500   29.899314   -2.515184    0.394658    1.116325
  0.4200   29.705561   -3.021416    0.472568    1.108957
  0.4900   29.476316   -3.529422    0.549912    1.100176
  0.5600   29.211442   -4.039524    0.626592    1.089945
  0.6300   28.910782   -4.552055    0.702505    1.078219
  0.7000   28.574154   -5.067367    0.777543    1.064945
  0.7700   28.201351   -5.585828    0.851597    1.050061
  0.8400   27.792138   -6.107828    0.924551    1.033494
  0.9100   27.346255   -6.633779    0.996286    1.015161
  0.9800   26.863409   -7.164127    1.066674    0.994967
  1.0500   26.343277   -7.699346    1.135582    0.972801
  1.1200   25.785501   -8.239953    1.202866    0.948535
  1.1900   25.189684   -8.786509    1.268376    0.922020
  1.2600   24.555390   -9.339629    1.331949    0.893087
  1.3300   23.882136   -9.899988    1.393409    0.861534
  1.4000   23.169391  -10.468338    1.452564    0.827129
  1.4700   22.416569  -11.045518    1.509207    0.789596
  1.5400   21.623019  -11.632471    1.563107    0.748610
  1.6100   20.788023  -12.230268    1.614012    0.703780
  1.6800   19.910781  -12.840132    1.661637    0.654639
  1.7500   18.990404  -13.463475    1.705661    0.600612
  1.8200   18.025895  -14.101946    1.745722    0.540995
  1.8900   17.016132  -14.757487    1.781401    0.474903
  1.9600   15.959846  -15.432420    1.812209    0.401209
  2.0300   14.855593  -16.129556    1.837570    0.318453
  2.1000   13.701709  -16.852359    1.856792    0.224693
  2.1700   12.496263  -17.605175    1.869027    0.117272
  2.2400   11.236984  -18.393582    1.873210   -0.007568
  2.3100    9.921161  -19.224920    1.867967   -0.155377
  2.3800    8.545495  -20.109146    1.851457   -0.334822
  2.4500    7.105881  -21.060215    1.821092   -0.560464
  2.5200    5.597065  -22.098243    1.772992   -0.859381
  2.5900    4.012127  -23.251512    1.700779   -1.290008
  2.6600    2.341854  -24.540160    1.592391   -2.010173
  2.7300    0.576504  -25.639461    1.419355   -3.506450
  2.8000   -1.247671  -25.256567    1.101488   -5.249937
  2.8700   -2.959415  -23.680910    0.684363   -6.137582
  2.9400   -4.562998  -22.262720    0.242227   -6.350513
  3.0100   -6.076196  -21.056927   -0.204708   -6.365913
  3.0800   -7.510968  -19.995279   -0.649001   -6.303710
  3.1500   -8.875535  -19.035073   -1.087228   -6.204185
  3.2200  -10.175878  -18.150184   -1.517587   -6.084437
  3.2900  -11.416561  -17.323645   -1.939049   -5.952878
  3.3600  -12.601189  -16.543798   -2.350990   -5.814079
  3.4300  -13.732692  -15.802263   -2.753020   -5.670698
  3.5000  -14.813505  -15.092789   -3.144888   -5.524360
  3.5700  -15.845683  -14.410572   -3.526430   -5.376094
  3.6400  -16.830985  -13.751826   -3.897541   -5.226569
  3.7100  -17.770938  -13.113506   -4.258150   -5.076225
  3.7800  -18.666876  -12.493121   -4.608212   -4.925353
  3.8500  -19.519975  -11.888597   -4.947699   -4.774146
  3.9200  -20.331280  -11.298187   -5.276593   -4.622726
  3.9900  -21.101722  -10.720403   -5.594881   -4.471170
  4.0600  -21.832136  -10.153960   -5.902556   -4.319519
  4.1300  -22.523276   -9.597743   -6.199614   -4.167791
  4.2000  -23.175820   -9.050769   -6.486047   -4.015984
  4.2700  -23.790384   -8.512173   -6.761851   -3.864084
  4.3400  -24.367524   -7.981180   -7.027019   -3.712068
  4.4100  -24.907749   -7.457097   -7.281541   -3.559903
  4.4800  -25.411518   -6.939296   -7.525405   -3.407550
  4.5500  -25.879250   -6.427206   -7.758598   -3.254967
  4.6200  -26.311327   -5.920305   -7.981101   -3.102107
  4.6900  -26.708093   -5.418113   -8.192893   -2.948920
  4.7600  -27.069863   -4.920185   -8.393950   -2.795352
  4.8300  -27.396919   -4.426106   -8.584242   -2.641347
  4.9000  -27.689518   -3.935489   -8.763738   -2.486847
  4.9700  -27.947888   -3.447971   -8.932401   -2.331792
  5.0400  -28.172233   -2.963204   -9.090189   -2.176118
  5.1100  -28.362736   -2.480863   -9.237057   -2.019758
  5.1800  -28.519554   -2.000632   -9.372955   -1.862646
  5.2500  -28.642825   -1.522210   -9.497828   -1.704709
  5.3200  -28.732664   -1.045306   -9.611614   -1.545874
  5.3900  -28.789167   -0.569635   -9.714250   -1.386062
  5.4600  -28.812413   -0.094920   -9.805663   -1.225193
  5.5300  -28.802456    0.379110   -9.885777   -1.063180
  5.6000  -28.759337    0.852725   -9.954508   -0.899935
  5.6700  -28.683075    1.326193  -10.011768   -0.735363
  5.7400  -28.573670    1.799781  -10.057459   -0.569363
  5.8100  -28.431106    2.273757  -10.091479   -0.401828
  5.8800  -28.255344    2.748395  -10.113715   -0.232647
  5.9500  -28.046330    3.223969  -10.124049   -0.061697
  6.0200  -27.803989    3.700762  -10.122353    0.111150
  6.0900  -27.528224    4.179064  -10.108488    0.286034
  6.1600  -27.218920    4.659175  -10.082308    0.463106
  6.2300  -26.875939    5.141408  -10.043653    0.642527
  6.3000  -26.499122    5.626087   -9.992354    0.824474
  6.3700  -26.088287    6.113556   -9.928227    1.009141
  6.4400  -25.643225    6.604176   -9.851074    1.196738
  6.5100  -25.163702    7.098333   -9.760684    1.387498
  6.5800  -24.649458    7.596439   -9.656825    1.581677
  6.6500  -24.100201    8.098936   -9.539249    1.779561
  6.7200  -23.515607    8.606304   -9.407686    1.981467
  6.7900  -22.895318    9.119063   -9.261844    2.187754
  6.8600  -22.238938    9.637784   -9.101401    2.398825
  6.9300  -21.546028   10.163096   -8.926008    2.615139
  7.0000  -20.816105   10.695695   -8.735281    2.837222
  7.0700  -20.048631   11.236363   -8.528797    3.065678
  7.1400  -19.243014   11.785974   -8.306086    3.301214
  7.2100  -18.398595   12.345523   -8.066627    3.544658
  7.2800  -17.514641   12.916149   -7.809834    3.796994
  7.3500  -16.590334   13.499164   -7.535048    4.059402
  7.4200  -15.624758   14.096099   -7.241518    4.333325
  7.4900  -14.616880   14.708759   -6.928382    4.620542
  7.5600  -13.565531   15.339300   -6.594642    4.923300
  7.6300  -12.469378   15.990324   -6.239120    5.244492
  7.7000  -11.326886   16.665030   -5.860413    5.587940
  7.7700  -10.136274   17.367401   -5.456809    5.958855
  7.8400   -8.895450   18.102487   -5.026173    6.364628
  7.9100   -7.601926   18.876769   -4.565761    6.816274
  7.9800   -6.252702   19.698585   -4.071895    7.331321
  8.0500   -4.844124   20.578130   -3.539376    7.940287
  8.1200   -3.371764   21.524008   -2.960255    8.703617
  8.1900   -1.830763   22.512134   -2.320870    9.765177
  8.2600   -0.220065   23.159083   -1.593130   11.475802
  8.3300    1.411509   22.327778   -0.714257   13.051442
  8.4000    2.905823   20.540542    0.234072   13.482569
  8.4700    4.287185   19.101461    1.173302   13.244541
  8.5400    5.580028   17.938919    2.088308   12.873051
  8.6100    6.798633   16.943898    2.975530   12.471194
  8.6800    7.952174   16.060177    3.834275   12.065775
  8.7500    9.047058   15.256195    4.664738   11.665246
  8.8200   10.088041   14.512488    5.467409   11.272329
  8.8900   11.078806   13.816157    6.242864   10.887670
  8.9600   12.022303   13.158171    6.991683   10.511111
  9.0300   12.920950   12.531933    7.714420   10.142179
  9.1000   13.776774   11.932460    8.411588    9.780297
  9.1700   14.591495   11.355878    9.083661    9.424871
  9.2400   15.366597   10.799109    9.731070    9.075327
  9.3100   16.103370   10.259661   10.354207    8.731133
  9.3800   16.802949    9.735479   10.953429    8.391794
  9.4500   17.466337    9.224847   11.529058    8.056858
  9.5200   18.094428    8.726312   12.081389    7.725913
  9.5900   18.688021    8.238630   12.610686    7.398578
  9.6600   19.247836    7.760728   13.117190    7.074507
  9.7300   19.774523    7.291668   13.601117    6.753378
  9.8000   20.268669    6.830626   14.062663    6.434896
  9.8700   20.730810    6.376870   14.502002    6.118786
  9.9400   21.161431    5.929748   14.919293    5.804790
 10.0100   21.560975    5.488675   15.314673    5.492667
 10.0800   21.929846    5.053119   15.688266    5.182193
 10.1500   22.268412    4.622599   16.040180    4.873151
 10.2200   22.577010    4.196673   16.370507    4.565337
 10.2900   22.855946    3.774933   16.679327    4.258557
 10.3600   23.105500    3.357006   16.966705    3.952623
 10.4300   23.325927    2.942539   17.232694    3.647353
 10.5000   23.517456    2.531208   17.477334    3.342571
 10.5700   23.680296    2.122703   17.700654    3.038105
 10.6400   23.814634    1.716735   17.902669    2.733787
 10.7100   23.920639    1.313027   18.083384    2.429449
 10.7800   23.998458    0.911316   18.242792    2.124927
 10.8500   24.048223    0.511350   18.380874    1.820054
 10.9200   24.070047    0.112883   18.497600    1.514666
 10.9900   24.064027   -0.284320   18.592927    1.208595
 11.0600   24.030242   -0.680490   18.666803    0.901674
 11.1300   23.968758   -1.075853   18.719162    0.593728
 11.2000   23.879623   -1.470633   18.749925    0.284583
 11.2700   23.762869   -1.865051   18.759003   -0.025943
 11.3400   23.618516   -2.259325   18.746293   -0.338039
 11.4100   23.446564   -2.653678   18.711678   -0.651898
 11.4800   23.247001   -3.048331   18.655027   -0.967724
 11.5500   23.019798   -3.443509   18.576196   -1.285732
 11.6200   22.764910   -3.839443   18.475025   -1.606147
 11.6900   22.482276   -4.236366   18.351336   -1.929207
 11.7600   22.171818   -4.634522   18.204936   -2.255168
 11.8300   21.833443   -5.034160   18.035612   -2.584300
 11.9000   21.467036   -5.435544   17.843134   -2.916897
 11.9700   21.072467   -5.838946   17.627247   -3.253275
 12.0400   20.649583   -6.244655   17.387675   -3.593778
 12.1100   20.198215   -6.652977   17.124118   -3.938782
 12.1800   19.718167   -7.064238   16.836246   -4.288697
 12.2500   19.209222   -7.478786   16.523700   -4.643979
 12.3200   18.671137   -7.896999   16.186089   -5.005133
 12.3900   18.103642   -8.319283   15.822982   -5.372723
 12.4600   17.506437   -8.746084   15.433907   -5.747386
 12.5300   16.879190   -9.177889   15.018348   -6.129840
 12.6000   16.221532   -9.615238   14.575730   -6.520907
 12.6700   15.533057  -10.058728   14.105421   -6.921535
 12.7400   14.813311  -10.509030   13.606715   -7.332822
 12.8100   14.061792  -10.966896   13.078826   -7.756061
 12.8800   13.277945  -11.433183   12.520866   -8.192786
 12.9500   12.461147  -11.908868   11.931835   -8.644842
 13.0200   11.610704  -12.395074   11.310589   -9.114484
 13.0900   10.725837  -12.893104   10.655808   -9.604512
 13.1600    9.805669  -13.404475    9.965957  -10.118475
 13.2300    8.849210  -13.930964    9.239221  -10.660980
 13.3000    7.855334  -14.474637    8.473420  -11.238181
 13.3700    6.822761  -15.037864    7.665876  -11.858600
 13.4400    5.750033  -15.623204    6.813216  -12.534581
 13.5100    4.635512  -16.232891    5.911034  -13.285086
 13.5800    3.477428  -16.866841    4.953304  -14.141651
 13.6500    2.274155  -17.514355    3.931203  -15.162772
 13.7200    1.025419  -18.110383    2.830516  -16.472995
 13.7900   -0.261299  -18.210657    1.624984  -18.285468
 13.8600   -1.524073  -16.945914    0.270550  -19.543211
 13.9300   -2.633727  -15.099053   -1.111066  -19.419643
 14.0000   -3.637941  -13.798371   -2.448200  -18.733449
 14.0700   -4.565499  -12.810318   -3.733748  -18.004715
 14.1400   -5.431385  -11.993976   -4.968860  -17.300631
 14.2100   -6.244656  -11.285781   -6.155837  -16.629168
 14.2800   -7.011394  -10.652405   -7.296944  -15.988261
 14.3500   -7.735992  -10.074193   -8.394193  -15.374204
 14.4200   -8.421781   -9.538531   -9.449332  -14.783422
 14.4900   -9.071387   -9.036809  -10.463872  -14.212824
 14.5600   -9.686935   -8.562863  -11.439128  -13.659810
 14.6300  -10.270188   -8.112113  -12.376246  -13.122205
 14.7000  -10.822631   -7.681052  -13.276236  -12.598181
 14.7700  -11.345535   -7.266928  -14.139991  -12.086191
 14.8400  -11.840001   -6.867538  -14.968303  -11.584915
 14.9100  -12.306990   -6.481083  -15.761879  -11.093212
 14.9800  -12.747352   -6.106075  -16.521353  -10.610095
 15.0500  -13.161841   -5.741264  -17.247292  -10.134696
 15.1200  -13.551129   -5.385590  -17.940210   -9.666252
 15.1900  -13.915823   -5.038145  -18.600568   -9.204081
 15.2600  -14.256469   -4.698140  -19.228781   -8.747574
 15.3300  -14.573563   -4.364888  -19.825228   -8.296180
 15.4000  -14.867554   -4.037783  -20.390247   -7.849401
 15.4700  -15.138852   -3.716288  -20.924144   -7.406780
 15.5400  -15.387834   -3.399925  -21.427196   -6.967898
 15.6100  -15.614842   -3.088263  -21.899650   -6.532367
 15.6800  -15.820191   -2.780913  -22.341727   -6.099826
 15.7500  -16.004170   -2.477523  -22.753625   -5.669937
 15.8200  -16.167044   -2.177770  -23.135518   -5.242383
 15.8900  -16.309058   -1.881357  -23.487559   -4.816863
 15.9600  -16.430434   -1.588013  -23.809879   -4.393091
 16.0300  -16.531379   -1.297482  -24.102592   -3.970793
 16.1000  -16.612082   -1.009530  -24.365790   -3.549705
 16.1700  -16.672713   -0.723935  -24.599550   -3.129573
 16.2400  -16.713432   -0.440489  -24.803930   -2.710148
 16.3100  -16.734382   -0.158997  -24.978971   -2.291186
 16.3800  -16.735692    0.120728  -25.124697   -1.872450
 16.4500  -16.717480    0.398865  -25.241114   -1.453700
 16.5200  -16.679851    0.675583  -25.328215   -1.034703
 16.5900  -16.622898    0.951046  -25.385973   -0.615222
 16.6600  -16.546704    1.225414  -25.414346   -0.195018
 16.7300  -16.451340    1.498840  -25.413275    0.226148
 16.8000  -16.336867    1.771475  -25.382685    0.648521
 16.8700  -16.203334    2.043468  -25.322482    1.072352
 16.9400  -16.050781    2.314964  -25.232556    1.497899
 17.0100  -15.879239    2.586108  -25.112776    1.925429
 17.0800  -15.688726    2.857044  -24.962996    2.355219
 17.1500  -15.479253    3.127918  -24.783046    2.787559
 17.2200  -15.250818    3.398874  -24.572737    3.222754
 17.2900  -15.003410    3.670060  -24.331860    3.661126
 17.3600  -14.737009    3.941625  -24.060180    4.103018
 17.4300  -14.451583    4.213724  -23.757438    4.548794
 17.5000  -14.147088    4.486513  -23.423349    4.998848
 17.5700  -13.823471    4.760154  -23.057599    5.453603
 17.6400  -13.480666    5.034817  -22.659844    5.913518
 17.7100  -13.118597    5.310676  -22.229706    6.379095
 17.7800  -12.737172    5.587916  -21.766771    6.850885
 17.8500  -12.336288    5.866730  -21.270583    7.329495
 17.9200  -11.915830    6.147322  -20.740642    7.815603
 17.9900  -11.475663    6.429907  -20.176398    8.309965
 18.0600  -11.015643    6.714716  -19.577246    8.813434
 18.1300  -10.535603    7.001992  -18.942517    9.326979
 18.2000  -10.035364    7.291996  -18.271469    9.851709
 18.2700   -9.514724    7.585007  -17.563278   10.388908
 18.3400   -8.973463    7.881319  -16.817022   10.940071
 18.4100   -8.411339    8.181245  -16.031668   11.506967
 18.4800   -7.828088    8.485109  -15.206047   12.091708
 18.5500   -7.223424    8.793241  -14.338829   12.696857
 18.6200   -6.597035    9.105959  -13.428487   13.325571
 18.6900   -5.948589    9.423536  -12.473249   13.981819
 18.7600   -5.277740    9.746128  -11.471032   14.670703
 18.8300   -4.584131   10.073648  -10.419351   15.398961
 18.9000   -3.867429   10.405465   -9.315178   16.175799
 18.9700   -3.127366   10.739774   -8.154739   17.014332
 19.0400   -2.363861   11.072008   -6.933171   17.934275
 19.1100   -1.577285   11.390451   -5.643940   18.967416
 19.1800   -0.769197   11.661428   -4.277733   20.169688
 19.2500    0.055315   11.762610   -2.820184   21.644845
 19.3200    0.877568   11.102601   -1.247455   23.382818
 19.3900    1.609679    9.430063    0.453411   24.008324
 19.4600    2.197777    7.830963    2.113711   23.169957
 19.5300    2.706014    6.879195    3.697205   22.100329
 19.6000    3.160864    6.207334    5.207757   21.100651
 19.6700    3.575041    5.678702    6.651296   20.178996
 19.7400    3.955882    5.236550    8.032816   19.321669
 19.8100    4.308158    4.852404    9.356329   18.516197
 19.8800    4.635219    4.509996   10.625084   17.753010
 19.9500    4.939557    4.199154   11.841751   17.024874
 20.0200    5.223100    3.913084   13.008566   16.326245
 20.0900    5.487389    3.647016   14.127425   15.652790
 20.1600    5.733683    3.397465   15.199957   15.001060
 20.2300    5.963034    3.161804   16.227574   14.368258
 20.3000    6.176335    2.938002   17.211513   13.752082
 20.3700    6.374354    2.724453   18.152865   13.150607
 20.4400    6.557759    2.519862   19.052598   12.562208
 20.5100    6.727135    2.323173   19.911574   11.985493
 20.5800    6.883003    2.133505   20.730567   11.419257
 20.6500    7.025826    1.950124   21.510270   10.862452
 20.7200    7.156020    1.772403   22.251310   10.314153
 20.7900    7.273962    1.599807   22.954252    9.773541
 20.8600    7.379993    1.431873   23.619606    9.239883
 20.9300    7.474424    1.268198   24.247835    8.712519
 21.0000    7.557541    1.108430   24.839358    8.190851
