  0.0000   49.298128    0.000000    0.000000    0.782671
  0.0700   49.284350   -0.393694    0.054787    0.782452
  0.1400   49.243011   -0.787497    0.109543    0.781795
  0.2100   49.174100   -1.181519    0.164238    0.780699
  0.2800   49.077599   -1.575871    0.218841    0.779161
  0.3500   48.953479   -1.970663    0.273321    0.777179
  0.4200   48.801706   -2.366008    0.327646    0.774748
  0.4900   48.622237   -2.762021    0.381786    0.771863
  0.5600   48.415023   -3.158817    0.435707    0.768520
  0.6300   48.180003   -3.556513    0.489378    0.764710
  0.7000   47.917111   -3.955232    0.542766    0.760427
  0.7700   47.626270   -4.355097    0.595838    0.755660
  0.8400   47.307397   -4.756236    0.648559    0.750401
  0.9100   46.960397   -5.158779    0.700894    0.744637
  0.9800   46.585168   -5.562862    0.752808    0.738356
  1.0500   46.181597   -5.968626    0.804264    0.731544
  1.1200   45.749561   -6.376217    0.855224    0.724185
  1.1900   45.288926   -6.785787    0.905650    0.716261
  1.2600   44.799550   -7.197495    0.955501    0.707753
  1.3300   44.281277   -7.611508    1.004735    0.698640
  1.4000   43.733939   -8.028001    1.053310    0.688898
  1.4700   43.157357   -8.447159    1.101181    0.678502
  1.5400   42.551337   -8.869176    1.148301    0.667423
  1.6100   41.915672   -9.294258    1.194620    0.655629
  1.6800   41.250141   -9.722626    1.240089    0.643084
  1.7500   40.554505  -10.154514    1.284652    0.629750
  1.8200   39.828509  -10.590172    1.328254    0.615584
  1.8900   39.071881  -11.029868    1.370834    0.600537
  1.9600   38.284327  -11.473891    1.412329    0.584555
  2.0300   37.465536  -11.922554    1.452672    0.567579
  2.1000   36.615170  -12.376196    1.491790    0.549541
  2.1700   35.732868  -12.835183    1.529607    0.530364
  2.2400   34.818244  -13.299920    1.566041    0.509963
  2.3100   33.870880  -13.770846    1.601002    0.488239
  2.3800   32.890326  -14.248448    1.634394    0.465080
  2.4500   31.876097  -14.733264    1.666113    0.440359
  2.5200   30.827669  -15.225894    1.696045    0.413928
  2.5900   29.744472  -15.727006    1.724063    0.385613
  2.6600   28.625888  -16.237356    1.750031    0.355215
  2.7300   27.471242  -16.757797    1.773793    0.322496
  2.8000   26.279796  -17.289303    1.795180    0.287172
  2.8700   25.050740  -17.832995    1.813997    0.248903
  2.9400   23.783177  -18.390172    1.830026    0.207278
  3.0100   22.476115  -18.962355    1.843016    0.161785
  3.0800   21.128447  -19.551344    1.852676    0.111788
  3.1500   19.738927  -20.159297    1.858667    0.056478
  3.2200   18.306146  -20.788839    1.860583   -0.005197
  3.2900   16.828490  -21.443213    1.857939   -0.074633
  3.3600   15.304096  -22.126507    1.850135   -0.153736
  3.4300   13.730779  -22.843993    1.836416   -0.245205
  3.5000   12.105937  -23.602662    1.815806   -0.353019
  3.5700   10.426406  -24.412103    1.786993   -0.483392
  3.6400    8.688242  -25.286027    1.748131   -0.646744
  3.7100    6.886362  -26.245022    1.696449   -0.862447
  3.7800    5.013939  -27.321436    1.627389   -1.172406
  3.8500    3.061362  -28.561904    1.532312   -1.692558
  3.9200    1.015273  -29.850965    1.390430   -2.877522
  3.9900   -1.117774  -29.700905    1.129459   -4.507411
  4.0600   -3.142854  -28.182635    0.759393   -5.467173
  4.1300   -5.063343  -26.823743    0.364055   -5.691676
  4.2000   -6.898178  -25.685751   -0.037442   -5.732809
  4.2700   -8.659348  -24.690823   -0.438538   -5.706215
  4.3400  -10.354893  -23.794690   -0.836312   -5.647958
  4.4100  -11.990604  -22.971308   -1.229253   -5.572843
  4.4800  -13.570876  -22.204104   -1.616510   -5.488030
  4.5500  -15.099179  -21.481830   -1.997577   -5.397368
  4.6200  -16.578332  -20.796463   -2.372141   -5.303089
  4.6900  -18.010684  -20.142051   -2.740009   -5.206556
  4.7600  -19.398220  -19.514041   -3.101059   -5.108635
  4.8300  -20.742649  -18.908858   -3.455218   -5.009893
  4.9000  -22.045460  -18.323635   -3.802444   -4.910708
  4.9700  -23.307958  -17.756033   -4.142717   -4.811337
  5.0400  -24.531304  -17.204111   -4.476031   -4.711953
  5.1100  -25.716534  -16.666241   -4.802391   -4.612675
  5.1800  -26.864578  -16.141039   -5.121806   -4.513583
  5.2500  -27.976279  -15.627316   -5.434292   -4.414727
  5.3200  -29.052402  -15.124043   -5.739868   -4.316140
  5.3900  -30.093645  -14.630320   -6.038552   -4.217839
  5.4600  -31.100647  -14.145357   -6.330365   -4.119834
  5.5300  -32.073995  -13.668453   -6.615328   -4.022122
  5.6000  -33.014230  -13.198983   -6.893462   -3.924699
  5.6700  -33.921853  -12.736387   -7.164786   -3.827554
  5.7400  -34.797325  -12.280162   -7.429320   -3.730674
  5.8100  -35.641075  -11.829850   -7.687081   -3.634044
  5.8800  -36.453504  -11.385036   -7.938086   -3.537647
  5.9500  -37.234980  -10.945340   -8.182351   -3.441464
  6.0200  -37.985851  -10.510415   -8.419891   -3.345476
  6.0900  -38.706439  -10.079940   -8.650718   -3.249664
  6.1600  -39.397043   -9.653619   -8.874844   -3.154008
  6.2300  -40.057945   -9.231177   -9.092279   -3.058486
  6.3000  -40.689408   -8.812359   -9.303032   -2.963078
  6.3700  -41.291675   -8.396927   -9.507110   -2.867763
  6.4400  -41.864977   -7.984657   -9.704519   -2.772520
  6.5100  -42.409527   -7.575339   -9.895263   -2.677327
  6.5800  -42.925525   -7.168777  -10.079344   -2.582165
  6.6500  -43.413156   -6.764783  -10.256766   -2.487011
  6.7200  -43.872595   -6.363181  -10.427526   -2.391845
  6.7900  -44.304001   -5.963802  -10.591624   -2.296645
  6.8600  -44.707527   -5.566487  -10.749056   -2.201390
  6.9300  -45.083310   -5.171083  -10.899819   -2.106059
  7.0000  -45.431478   -4.777443  -11.043905   -2.010629
  7.0700  -45.752152   -4.385426  -11.181307   -1.915080
  7.1400  -46.045438   -3.994897  -11.312016   -1.819389
  7.2100  -46.311437   -3.605725  -11.436021   -1.723535
  7.2800  -46.550240   -3.217784  -11.553311   -1.627495
  7.3500  -46.761927   -2.830949  -11.663870   -1.531247
  7.4200  -46.946573   -2.445101  -11.767685   -1.434767
  7.4900  -47.104241   -2.060123  -11.864738   -1.338033
  7.5600  -47.234990   -1.675901  -11.955010   -1.241021
  7.6300  -47.338867   -1.292321  -12.038481   -1.143707
  7.7000  -47.415915   -0.909273  -12.115129   -1.046066
  7.7700  -47.466166   -0.526648  -12.184930   -0.948073
  7.8400  -47.489645   -0.144337  -12.247859   -0.849702
  7.9100  -47.486373    0.237767  -12.303888   -0.750926
  7.9800  -47.456358    0.619771  -12.352989   -0.651719
  8.0500  -47.399605    1.001783  -12.395129   -0.552051
  8.1200  -47.316109    1.383908  -12.430276   -0.451894
  8.1900  -47.205858    1.766255  -12.458394   -0.351217
  8.2600  -47.068833    2.148931  -12.479446   -0.249990
  8.3300  -46.905007    2.532046  -12.493393   -0.148180
  8.4000  -46.714346    2.915710  -12.500191   -0.045752
  8.4700  -46.496808    3.300035  -12.499798    0.057328
  8.5400  -46.252341    3.685135  -12.492166    0.161097
  8.6100  -45.980889    4.071127  -12.477245    0.265594
  8.6800  -45.682384    4.458130  -12.454983    0.370859
  8.7500  -45.356751    4.846266  -12.425324    0.476935
  8.8200  -45.003906    5.235661  -12.388212    0.583866
  8.8900  -44.623758    5.626445  -12.343583    0.691700
  8.9600  -44.216204    6.018754  -12.291374    0.800488
  9.0300  -43.781133    6.412726  -12.231515    0.910281
  9.1000  -43.318423    6.808506  -12.163934    1.021136
  9.1700  -42.827942    7.206247  -12.088556    1.133113
  9.2400  -42.309548    7.606108  -12.005298    1.246276
  9.3100  -41.763087    8.008254  -11.914077    1.360693
  9.3800  -41.188392    8.412861  -11.814801    1.476437
  9.4500  -40.585286    8.820115  -11.707376    1.593587
  9.5200  -39.953576    9.230211  -11.591699    1.712228
  9.5900  -39.293057    9.643358  -11.467664    1.832450
  9.6600  -38.603506   10.059776  -11.335156    1.954354
  9.7300  -37.884688   10.479704  -11.194055    2.078047
  9.8000  -37.136348   10.903393  -11.044230    2.203646
  9.8700  -36.358213   11.331119  -10.885544    2.331280
  9.9400  -35.549991   11.763174  -10.717851    2.461090
 10.0100  -34.711368   12.199879  -10.540992    2.593231
 10.0800  -33.842008   12.641579  -10.354798    2.727875
 10.1500  -32.941547   13.088654  -10.159089    2.865214
 10.2200  -32.009596   13.541519   -9.953668    3.005460
 10.2900  -31.045735   14.000630   -9.738325    3.148853
 10.3600  -30.049508   14.466492   -9.512829    3.295663
 10.4300  -29.020426   14.939667   -9.276932    3.446195
 10.5000  -27.957955   15.420783   -9.030361    3.600801
 10.5700  -26.861516   15.910545   -8.772820    3.759882
 10.6400  -25.730478   16.409753   -8.503978    3.923905
 10.7100  -24.564151   16.919315   -8.223473    4.093417
 10.7800  -23.361774   17.440277   -7.930900    4.269062
 10.8500  -22.122512   17.973848   -7.625804    4.451611
 10.9200  -20.845436   18.521442   -7.307674    4.641997
 10.9900  -19.529510   19.084731   -6.975925    4.841362
 11.0600  -18.173573   19.665712   -6.629883    5.051134
 11.1300  -16.776311   20.266808   -6.268766    5.273129
 11.2000  -15.336220   20.891003   -5.891645    5.509712
 11.2700  -13.851570   21.542039   -5.497406    5.764048
 11.3400  -12.320335   22.224713   -5.084679    6.040526
 11.4100  -10.740110   22.945324   -4.651733    6.345493
 11.4800   -9.107990   23.712384   -4.196310    6.688664
 11.5500   -7.420377   24.537736   -3.715320    7.086071
 11.6200   -5.672706   25.438150   -3.204260    7.567149
 11.6900   -3.859036   26.435569   -2.655919    8.195443
 11.7600   -1.971727   27.528124   -2.056898    9.148486
 11.8300   -0.005098   28.099062   -1.375131   10.918048
 11.9000    1.962142   27.167279   -0.528371   12.348658
 11.9700    3.798321   25.526587    0.353681   12.535145
 12.0400    5.535864   24.255401    1.226549   12.343993
 12.1100    7.194077   23.203656    2.081840   12.078065
 12.1800    8.784376   22.287457    2.917478   11.794508
 12.2500   10.314321   21.463986    3.733072   11.509320
 12.3200   11.789334   20.708590    4.528783   11.227855
 12.3900   13.213523   20.005684    5.304971   10.951946
 12.4600   14.590130   19.344723    6.062056   10.682085
 12.5300   15.921785   18.718196    6.800463   10.418218
 12.6000   17.210677   18.120538    7.520606   10.160068
 12.6700   18.458660   17.547494    8.222873    9.907275
 12.7400   19.667326   16.995725    8.907625    9.659461
 12.8100   20.838061   16.462557    9.575197    9.416253
 12.8800   21.972084   15.945807   10.225900    9.177302
 12.9500   23.070474   15.443666   10.860019    8.942284
 13.0200   24.134197   14.954618   11.477820    8.710902
 13.0900   25.164121   14.477374   12.079546    8.482884
 13.1600   26.161030   14.010827   12.665424    8.257981
 13.2300   27.125637   13.554021   13.235663    8.035965
 13.3000   28.058593   13.106119   13.790459    7.816629
 13.3700   28.960493   12.666388   14.329991    7.599782
 13.4400   29.831887   12.234176   14.854428    7.385249
 13.5100   30.673278   11.808904   15.363926    7.172867
 13.5800   31.485134   11.390054   15.858630    6.962488
 13.6500   32.267886   10.977157   16.338674    6.753973
 13.7200   33.021936   10.569791   16.804186    6.547192
 13.7900   33.747656   10.167573   17.255281    6.342027
 13.8600   34.445396    9.770150   17.692070    6.138365
 13.9300   35.115477    9.377202   18.114652    5.936100
 14.0000   35.758204    8.988434   18.523124    5.735134
 14.0700   36.373858    8.603571   18.917571    5.535374
 14.1400   36.962704    8.222362   19.298076    5.336731
 14.2100   37.524989    7.844571   19.664713    5.139121
 14.2800   38.060944    7.469980   20.017553    4.942466
 14.3500   38.570786    7.098383   20.356659    4.746690
 14.4200   39.054718    6.729588   20.682090    4.551720
 14.4900   39.512928    6.363414   20.993899    4.357488
 14.5600   39.945596    5.999691   21.292138    4.163925
 14.6300   40.352885    5.638257   21.576849    3.970969
 14.7000   40.734952    5.278959   21.848073    3.778556
 14.7700   41.091939    4.921651   22.105847    3.586628
 14.8400   41.423983    4.566195   22.350201    3.395125
 14.9100   41.731207    4.212458   22.581164    3.203991
 14.9800   42.013727    3.860312   22.798760    3.013171
 15.0500   42.271650    3.509634   23.003008    2.822610
 15.1200   42.505076    3.160308   23.193925    2.632254
 15.1900   42.714093    2.812218   23.371524    2.442052
 15.2600   42.898786    2.465254   23.535813    2.251951
 15.3300   43.059229    2.119309   23.686797    2.061901
 15.4000   43.195489    1.774279   23.824479    1.871850
 15.4700   43.307628    1.430060   23.948856    1.681748
 15.5400   43.395698    1.086554   24.059924    1.491545
 15.6100   43.459746    0.743662   24.157672    1.301189
 15.6800   43.499811    0.401287   24.242090    1.110632
 15.7500   43.515926    0.059335   24.313161    0.919820
 15.8200   43.508117   -0.282290   24.370865    0.728705
 15.8900   43.476405   -0.623681   24.415180    0.537233
 15.9600   43.420802   -0.964930   24.446078    0.345352
 16.0300   43.341315   -1.306132   24.463529    0.153010
 16.1000   43.237944   -1.647378   24.467499   -0.039849
 16.1700   43.110682   -1.988762   24.457950   -0.233279
 16.2400   42.959517   -2.330379   24.434840   -0.427338
 16.3100   42.784429   -2.672322   24.398123   -0.622082
 16.3800   42.585392   -3.014687   24.347748   -0.817572
 16.4500   42.362373   -3.357572   24.283663   -1.013870
 16.5200   42.115332   -3.701075   24.205807   -1.211038
 16.5900   41.844222   -4.045296   24.114117   -1.409144
 16.6600   41.548990   -4.390339   24.008526   -1.608254
 16.7300   41.229575   -4.736308   23.888962   -1.808441
 16.8000   40.885907   -5.083313   23.755345   -2.009779
 16.8700   40.517911   -5.431465   23.607593   -2.212345
 16.9400   40.125502   -5.780879   23.445616   -2.416220
 17.0100   39.708588   -6.131675   23.269322   -2.621491
 17.0800   39.267068   -6.483979   23.078608   -2.828247
 17.1500   38.800831   -6.837918   22.873367   -3.036584
 17.2200   38.309759   -7.193629   22.653486   -3.246602
 17.2900   37.793723   -7.551253   22.418843   -3.458409
 17.3600   37.252584   -7.910941   22.169309   -3.672117
 17.4300   36.686191   -8.272848   21.904746   -3.887850
 17.5000   36.094385   -8.637140   21.625010   -4.105736
 17.5700   35.476992   -9.003995   21.329943   -4.325916
 17.6400   34.833826   -9.373599   21.019382   -4.548540
 17.7100   34.164688   -9.746151   20.693148   -4.773769
 17.7800   33.469365  -10.121866   20.351054   -5.001780
 17.8500   32.747627  -10.500971   19.992899   -5.232765
 17.9200   31.999229  -10.883714   19.618467   -5.466930
 17.9900   31.223907  -11.270360   19.227528   -5.704506
 18.0600   30.421378  -11.661200   18.819836   -5.945741
 18.1300   29.591339  -12.056547   18.395125   -6.190915
 18.2000   28.733462  -12.456745   17.953108   -6.440333
 18.2700   27.847395  -12.862171   17.493478   -6.694339
 18.3400   26.932758  -13.273242   17.015901   -6.953315
 18.4100   25.989141  -13.690418   16.520014   -7.217694
 18.4800   25.016099  -14.114211   16.005423   -7.487966
 18.5500   24.013151  -14.545197   15.471699   -7.764690
 18.6200   22.979772  -14.984021   14.918367   -8.048509
 18.6900   21.915388  -15.431418   14.344907   -8.340169
 18.7600   20.819373  -15.888224   13.750743   -8.640542
 18.8300   19.691037  -16.355401   13.135231   -8.950659
 18.9000   18.529617  -16.834068   12.497651   -9.271756
 18.9700   17.334267  -17.325532   11.837186   -9.605328
 19.0400   16.104042  -17.831344   11.152905   -9.953219
 19.1100   14.837879  -18.353359   10.443735  -10.317741
 19.1800   13.534572  -18.893830    9.708421  -10.701856
 19.2500   12.192743  -19.455530    8.945475  -11.109456
 19.3200   10.810798  -20.041931    8.153097  -11.545826
 19.3900    9.386873  -20.657444    7.329060  -12.018424
 19.4600    7.918756  -21.307757    6.470518  -12.538334
 19.5300    6.403787  -22.000194    5.573693  -13.123189
 19.6000    4.838729  -22.743630    4.633271  -13.803872
 19.6700    3.219678  -23.544534    3.641151  -14.642759
 19.7400    1.542494  -24.368247    2.583285  -15.796440
 19.8100   -0.191876  -24.623648    1.429649  -17.620986
 19.8800   -1.904817  -23.472023    0.116347  -18.822449
 19.9500   -3.477959  -21.792854   -1.205494  -18.647536
 20.0200   -4.955817  -20.588151   -2.494308  -18.147849
 20.0900   -6.360301  -19.625759   -3.746193  -17.625912
 20.1600   -7.703423  -18.803640   -4.961936  -17.120528
 20.2300   -8.992810  -18.074019   -6.143067  -16.637083
 20.3000  -10.233786  -17.410692   -7.291127  -16.174639
 20.3700  -11.430307  -16.797617   -8.407516  -15.731026
 20.4400  -12.585452  -16.224187   -9.493471  -15.304024
 20.5100  -13.701693  -15.682980  -10.550080  -14.891656
 20.5800  -14.781069  -15.168574  -11.578303  -14.492224
 20.6500  -15.825293  -14.676870  -12.578991  -14.104284
 20.7200  -16.835831  -14.204683  -13.552902  -13.726611
 20.7900  -17.813949  -13.749483  -14.500716  -13.358160
 20.8600  -18.760758  -13.309219  -15.423045  -12.998030
 20.9300  -19.677240  -12.882204  -16.320441  -12.645446
 21.0000  -20.564267  -12.467029  -17.193407  -12.299730
