  0.0000   10.090294    0.000000    0.000000    1.917650
  0.0700   10.059839   -0.870745    0.134235    1.911836
  0.1400    9.968390   -1.743906    0.267657    1.894276
  0.2100    9.815692   -2.621963    0.399434    1.864601
  0.2800    9.601315   -3.507535    0.528701    1.822168
  0.3500    9.324637   -4.403454    0.654538    1.766012
  0.4200    8.984831   -5.312870    0.775943    1.694764
  0.4900    8.580836   -6.239372    0.891805    1.606528
  0.5600    8.111319   -7.187161    1.000857    1.498687
  0.6300    7.574633   -8.161273    1.101621    1.367594
  0.7000    6.968741   -9.167917    1.192320    1.208046
  0.7700    6.291125  -10.214951    1.270747    1.012383
  0.8400    5.538648  -11.312583    1.334054    0.768790
  0.9100    4.707363  -12.474365    1.378378    0.457849
  0.9800    3.792237  -13.718221    1.398152    0.044693
  1.0500    2.786812  -15.064819    1.384635   -0.541703
  1.1200    1.683162  -16.509244    1.322314   -1.473865
  1.1900    0.475518  -17.710890    1.178294   -3.194375
  1.2600   -0.796362  -17.314597    0.875101   -5.270995
  1.3300   -1.948525  -15.505720    0.440355   -6.426211
  1.4000   -2.967163  -13.749697   -0.024568   -6.635110
  1.4700   -3.873483  -12.253487   -0.488561   -6.540941
  1.5400   -4.682651  -10.939547   -0.940300   -6.328916
  1.6100   -5.405020   -9.752393   -1.374609   -6.060177
  1.6800   -6.047986   -8.657530   -1.788725   -5.759865
  1.7500   -6.617074   -7.632555   -2.180990   -5.439893
  1.8200   -7.116544   -6.662110   -2.550310   -5.106425
  1.8900   -7.549769   -5.735160   -2.895890   -4.762800
  1.9600   -7.919466   -4.843447   -3.217102   -4.410842
  2.0300   -8.227852   -3.980580   -3.513407   -4.051489
  2.1000   -8.476748   -3.141462   -3.784310   -3.685130
  2.1700   -8.667657   -2.321915   -4.029326   -3.311784
  2.2400   -8.801816   -1.518431   -4.247960   -2.931200
  2.3100   -8.880237   -0.727989   -4.439694   -2.542916
  2.3800   -8.903734    0.052070   -4.603968   -2.146282
  2.4500   -8.872947    0.824145   -4.740173   -1.740466
  2.5200   -8.788354    1.590448   -4.847633   -1.324450
  2.5900   -8.650284    2.353074   -4.925596   -0.897006
  2.6600   -8.458924    3.114049   -4.973214   -0.456656
  2.7300   -8.214317    3.875384   -4.989528   -0.001621
  2.8000   -7.916370    4.639122   -4.973441    0.470260
  2.8700   -7.564840    5.407389   -4.923692    0.961641
  2.9400   -7.159335    6.182443   -4.838811    1.475839
  3.0100   -6.699298    6.966734   -4.717074    2.017069
  3.0800   -6.183993    7.762955   -4.556422    2.590825
  3.1500   -5.612485    8.574092   -4.354359    3.204467
  3.2200   -4.983620    9.403421   -4.107796    3.868210
  3.2900   -4.296006   10.254339   -3.812809    4.596873
  3.3600   -3.548012   11.129678   -3.464234    5.413217
  3.4300   -2.737851   12.029129   -3.054959    6.354928
  3.5000   -1.863934   12.939115   -2.574544    7.490969
  3.5700   -0.926375   13.783450   -2.006223    8.962926
  3.6400    0.065749   14.113371   -1.319735   11.007760
  3.7100    1.049497   12.874291   -0.465137   12.731185
  3.7800    1.868150   10.728045    0.462631   13.014365
  3.8500    2.551424    9.043267    1.356874   12.393170
  3.9200    3.134207    7.747121    2.197675   11.605904
  3.9900    3.636020    6.675953    2.981701   10.796238
  4.0600    4.068840    5.747870    3.709148    9.995318
  4.1300    4.440722    4.918694    4.381045    9.209914
  4.2000    4.757457    4.162083    4.998536    8.440217
  4.2700    5.023414    3.461049    5.562676    7.684484
  4.3400    5.242004    2.803960    6.074364    6.940460
  4.4100    5.415968    2.182470    6.534340    6.205844
  4.4800    5.547550    1.590365    6.943182    5.478426
  4.5500    5.638619    1.022871    7.301320    4.756122
  4.6200    5.690752    0.476232    7.609039    4.036956
  4.6900    5.705292   -0.052578    7.866494    3.319032
  4.7600    5.683391   -0.566037    8.073704    2.600496
  4.8300    5.626047   -1.066208    8.230563    1.879501
  4.9000    5.534122   -1.554831    8.336834    1.154163
  4.9700    5.408370   -2.033391    8.392146    0.422519
  5.0400    5.249447   -2.503158    8.395987   -0.317525
  5.1100    5.057928   -2.965226    8.347692   -1.068252
  5.1800    4.834316   -3.420524    8.246431   -1.832207
  5.2500    4.579055   -3.869828    8.091183   -2.612294
  5.3200    4.292540   -4.313743    7.880710   -3.411899
  5.3900    3.975131   -4.752675    7.613517   -4.235062
  5.4600    3.627165   -5.186756    7.287801   -5.086727
  5.5300    3.248985   -5.615715    6.901376   -5.973100
  5.6000    2.840965   -6.038624    6.451567   -6.902211
  5.6700    2.403577   -6.453405    5.935066   -7.884803
  5.7400    1.937489   -6.855803    5.347695   -8.935842
  5.8100    1.443765   -7.237067    4.684048  -10.077209
  5.8800    0.924299   -7.578019    3.936886  -11.342804
  5.9500    0.382842   -7.831122    3.096056  -12.788401
  6.0200   -0.172058   -7.851896    2.146509  -14.503720
  6.0900   -0.716423   -7.096126    1.065535  -16.454631
  6.1600   -1.165516   -5.152653   -0.157139  -17.296493
  6.2300   -1.437795   -3.174516   -1.355974  -16.451732
  6.3000   -1.609948   -2.018029   -2.460381  -15.102832
  6.3700   -1.720319   -1.264845   -3.470371  -13.799264
  6.4400   -1.787026   -0.713788   -4.392278  -12.582249
  6.5100   -1.820249   -0.281665   -5.231885  -11.439802
  6.5800   -1.826459    0.072215   -5.993851  -10.357091
  6.6500   -1.810139    0.370491   -6.681878   -9.321977
  6.7200   -1.774591    0.626964   -7.298928   -8.325011
  6.7900   -1.722364    0.850619   -7.847380   -7.358791
  6.8600   -1.655504    1.047599   -8.329158   -6.417401
  6.9300   -1.575700    1.222254   -8.745816   -5.495995
  7.0000   -1.484388    1.377746   -9.098598   -4.590507
  7.0700   -1.382816    1.516408   -9.388487   -3.697437
  7.1400   -1.272091    1.639974   -9.616239   -2.813692
  7.2100   -1.153220    1.749721   -9.782404   -1.936469
  7.2800   -1.027130    1.846567   -9.887344   -1.063162
  7.3500   -0.894700    1.931128   -9.931246   -0.191279
  7.4200   -0.756772    2.003756   -9.914124    0.681625
  7.4900   -0.614174    2.064550   -9.835819    1.558018
  7.5600   -0.467735    2.113360   -9.696001    2.440457
  7.6300   -0.318304    2.149757   -9.494155    3.331660
  7.7000   -0.166769    2.173000   -9.229569    4.234602
  7.7700   -0.014084    2.181950   -8.901311    5.152616
  7.8400    0.138704    2.174961   -8.508202    6.089540
  7.9100    0.290411    2.149679   -8.048775    7.049904
  7.9800    0.439659    2.102737   -7.521216    8.039205
  8.0500    0.584794    2.029225   -6.923286    9.064293
  8.1200    0.723750    1.921750   -6.252215   10.133958
  8.1900    0.853839    1.768648   -5.504532   11.259818
  8.2600    0.971361    1.550262   -4.675840   12.457646
  8.3300    1.070875    1.230209   -3.760462   13.749027
  8.4000    1.143590    0.731437   -2.750976   15.160571
  8.4700    1.173277   -0.142876   -1.637982   16.691443
  8.5400    1.123588   -1.894819   -0.414174   17.919770
  8.6100    0.908002   -3.969091    0.870786   17.503732
  8.6800    0.567915   -5.113724    2.036348   15.735323
  8.7500    0.192081   -5.418182    3.073731   14.033776
  8.8200   -0.190630   -5.434436    4.001077   12.558055
  8.8900   -0.568740   -5.328329    4.831859   11.246049
  8.9600   -0.936596   -5.158796    5.575524   10.050584
  9.0300   -1.290972   -4.951563    6.238940    8.941214
  9.1000   -1.629815   -4.719495    6.827294    7.897660
  9.1700   -1.951701   -4.469621    7.344613    6.905764
  9.2400   -2.255562   -4.205998    7.794100    5.955200
  9.3100   -2.540541   -3.931027    8.178341    5.038150
  9.3800   -2.805906   -3.646115    8.499441    4.148495
  9.4500   -3.050997   -3.352035    8.759130    3.281307
  9.5200   -3.275191   -3.049124    8.958824    2.432504
  9.5900   -3.477874   -2.737400    9.099681    1.598624
  9.6600   -3.658427   -2.416625    9.182632    0.776654
  9.7300   -3.816202   -2.086344    9.208412   -0.036092
  9.8000   -3.950515   -1.745891    9.177579   -0.842066
  9.8700   -4.060627   -1.394392    9.090523   -1.643563
  9.9400   -4.145730   -1.030739    8.947480   -2.442787
 10.0100   -4.204930   -0.653557    8.748533   -3.241906
 10.0800   -4.237228   -0.261145    8.493613   -4.043111
 10.1500   -4.241490    0.148603    8.182497   -4.848671
 10.2200   -4.216423    0.578324    7.814799   -5.660992
 10.2900   -4.160525    1.031364    7.389958   -6.482689
 10.3600   -4.072032    1.512046    6.907223   -7.316663
 10.4300   -3.948839    2.026089    6.365626   -8.166192
 10.5000   -3.788380    2.581293    5.763956   -9.035026
 10.5700   -3.587458    3.188696    5.100722   -9.927449
 10.6400   -3.341962    3.864691    4.374113  -10.848192
 10.7100   -3.046401    4.635205    3.581975  -11.801743
 10.7800   -2.693034    5.544847    2.721869  -12.789294
 10.8500   -2.270122    6.679557    1.791474  -13.794809
 10.9200   -1.757896    8.225379    0.790596  -14.706561
 10.9900   -1.118569   10.386591   -0.267445  -14.815188
 11.0600   -0.303773   11.917089   -1.283531  -13.344512
 11.1300    0.549823   11.962207   -2.135676  -11.272262
 11.2000    1.370936   11.394982   -2.861648   -9.671326
 11.2700    2.145121   10.702189   -3.489662   -8.389911
 11.3400    2.869243    9.984775   -4.036235   -7.302013
 11.4100    3.542989    9.268595   -4.511944   -6.342026
 11.4800    4.166846    8.560739   -4.924119   -5.472831
 11.5500    4.741493    7.862509   -5.278140   -4.671477
 11.6200    5.267597    7.173214   -5.578125   -3.922744
 11.6900    5.745743    6.491457   -5.827324   -3.215977
 11.7600    6.176401    5.815616   -6.028362   -2.543389
 11.8300    6.559929    5.144018   -6.183399   -1.899086
 11.9000    6.896564    4.475003   -6.294234   -1.278473
 11.9700    7.186429    3.806938   -6.362385   -0.677882
 12.0400    7.429535    3.138200   -6.389138   -0.094318
 12.1100    7.625777    2.467159   -6.375590    0.474713
 12.1800    7.774937    1.792150   -6.322678    1.031322
 12.2500    7.876678    1.111434   -6.231204    1.577325
 12.3200    7.930538    0.423164   -6.101853    2.114304
 12.3900    7.935921   -0.274667   -5.935202    2.643657
 12.4600    7.892085   -0.984282   -5.731741    3.166628
 12.5300    7.798122   -1.708198   -5.491874    3.684331
 12.6000    7.652937   -2.449322   -5.215934    4.197755
 12.6700    7.455217   -3.211088   -4.904188    4.707768
 12.7400    7.203385   -3.997642   -4.556847    5.215089
 12.8100    6.895547   -4.814114   -4.174076    5.720232
 12.8800    6.529409   -5.667023   -3.756014    6.223392
 12.9500    6.102163   -6.564912   -3.302801    6.724213
 13.0200    5.610321   -7.519377   -2.814624    7.221311
 13.0900    5.049451   -8.546852   -2.291817    7.711230
 13.1600    4.413762   -9.671886   -1.735052    8.185960
 13.2300    3.695387  -10.933599   -1.145783    8.626210
 13.3000    2.883058  -12.398780   -0.527383    8.979547
 13.3700    1.959557  -14.177746    0.111354    9.068838
 13.4400    0.898173  -16.149547    0.742254    8.197277
 13.5100   -0.301379  -16.853683    1.258972    6.200397
 13.5800   -1.461342  -15.941083    1.610310    4.325090
 13.6500   -2.533131  -14.683680    1.864485    3.169141
 13.7200   -3.517057  -13.464755    2.053990    2.361866
 13.7900   -4.418197  -12.316192    2.195146    1.739667
 13.8600   -5.241324  -11.229860    2.297543    1.230879
 13.9300   -5.990377  -10.194328    2.367469    0.798799
 14.0000   -6.668530   -9.199777    2.409375    0.422291
 14.0700   -7.278346   -8.238316    2.426590    0.088120
 14.1400   -7.821894   -7.303621    2.421712   -0.212530
 14.2100   -8.300853   -6.390539    2.396836   -0.485803
 14.2800   -8.716570   -5.494785    2.353700   -0.736135
 14.3500   -9.070122   -4.612710    2.293777   -0.966814
 14.4200   -9.362349   -3.741129    2.218346   -1.180316
 14.4900   -9.593880   -2.877195    2.128533   -1.378529
 14.5600   -9.765157   -2.018297    2.025351   -1.562892
 14.6300   -9.876442   -1.161977    1.909728   -1.734490
 14.7000   -9.927833   -0.305857    1.782523   -1.894114
 14.7700   -9.919262    0.552420    1.644552   -2.042302
 14.8400   -9.850495    1.415257    1.496601   -2.179355
 14.9100   -9.721126    2.285169    1.339442   -2.305340
 14.9800   -9.530571    3.164857    1.173853   -2.420078
 15.0500   -9.278046    4.057295    1.000631   -2.523107
 15.1200   -8.962550    4.965847    0.820618   -2.613622
 15.1900   -8.582828    5.894409    0.634724   -2.690369
 15.2600   -8.137332    6.847616    0.443966   -2.751487
 15.3300   -7.624161    7.831128    0.249516   -2.794228
 15.4000   -7.040974    8.852051    0.052774   -2.814498
 15.4700   -6.384874    9.919588   -0.144514   -2.806028
 15.5400   -5.652232   11.046046   -0.340069   -2.758773
 15.6100   -4.838428   12.248458   -0.530742   -2.655590
 15.6800   -3.937448   13.551016   -0.711852   -2.464371
 15.7500   -2.941286   14.986991   -0.875754   -2.116331
 15.8200   -1.839269   16.579894   -1.008138   -1.432537
 15.8900   -0.620100   18.035725   -1.076309    0.100575
 15.9600    0.685732   17.940641   -0.994058    2.210213
 16.0300    1.891589   16.330064   -0.766879    3.608850
 16.1000    2.971941   14.647820   -0.488819    4.101534
 16.1700    3.942284   13.167240   -0.192665    4.264733
 16.2400    4.815355   11.842879    0.108244    4.284537
 16.3100    5.600287   10.631632    0.407171    4.228094
 16.3800    6.303783    9.504538    0.700177    4.125222
 16.4500    6.930922    8.441992    0.984702    3.991171
 16.5200    7.485662    7.430183    1.258941    3.834505
 16.5900    7.971148    6.458979    1.521533    3.660351
 16.6600    8.389919    5.520668    1.771390    3.471893
 16.7300    8.744042    4.609192    2.007598    3.271148
 16.8000    9.035206    3.719651    2.229350    3.059372
 16.8700    9.264793    2.847970    2.435910    2.837306
 16.9400    9.433922    1.990678    2.626573    2.605312
 17.0100    9.543488    1.144741    2.800653    2.363462
 17.0800    9.594186    0.307441    2.957458    2.111580
 17.1500    9.586529   -0.523719    3.096275    1.849269
 17.2200    9.520865   -1.351088    3.216356    1.575915
 17.2900    9.397377   -2.176938    3.316903    1.290675
 17.3600    9.216094   -3.003521    3.397050    0.992453
 17.4300    8.976884   -3.833128    3.455846    0.679852
 17.5000    8.679456   -4.668151    3.492229    0.351105
 17.5700    8.323343   -5.511154    3.505001    0.003971
 17.6400    7.907894   -6.364949    3.492785   -0.364415
 17.7100    7.432250   -7.232700    3.453983   -0.757775
 17.7800    6.895316   -8.118039    3.386697   -1.181046
 17.8500    6.295725   -9.025219    3.288636   -1.640957
 17.9200    5.631785   -9.959292    3.156963   -2.147004
 17.9900    4.901424  -10.926255    2.988056   -2.713213
 18.0600    4.102110  -11.932956    2.777113   -3.361567
 18.1300    3.230810  -12.985803    2.517436   -4.129392
 18.2000    2.284097  -14.083599    2.198998   -5.087418
 18.2700    1.259106  -15.175660    1.805198   -6.389784
 18.3400    0.159505  -15.854912    1.304428   -8.350504
 18.4100   -0.960582  -14.927737    0.636127  -10.258066
 18.4800   -1.930378  -12.862994   -0.131701  -10.901344
 18.5500   -2.761401  -11.099508   -0.890061  -10.584805
 18.6200   -3.484309   -9.687283   -1.613574  -10.039520
 18.6900   -4.117620   -8.491351   -2.295594   -9.433201
 18.7600   -4.673098   -7.437143   -2.934222   -8.810402
 18.8300   -5.158820   -6.482636   -3.529050   -8.185437
 18.9000   -5.580668   -5.602076   -4.080183   -7.563100
 18.9700   -5.943111   -4.778514   -4.587884   -6.944665
 19.0400   -6.249659   -4.000149   -5.052436   -6.329968
 19.1100   -6.503132   -3.258392   -5.474080   -5.718221
 19.1800   -6.705834   -2.546756   -5.852987   -5.108354
 19.2500   -6.859678   -1.860189   -6.189249   -4.499165
 19.3200   -6.966261   -1.194652   -6.482870   -3.889379
 19.3900   -7.026929   -0.546842   -6.733762   -3.277670
 19.4600   -7.042819    0.086004   -6.941744   -2.662660
 19.5300   -7.014888    0.706241   -7.106535   -2.042901
 19.6000   -6.943945    1.315912   -7.227750   -1.416855
 19.6700   -6.830661    1.916824   -7.304894   -0.782860
 19.7400   -6.675590    2.510598   -7.337350   -0.139091
 19.8100   -6.479177    3.098713   -7.324367    0.516495
 19.8800   -6.241770    3.682538   -7.265041    1.186225
 19.9500   -5.963622    4.263352   -7.158296    1.872802
 20.0200   -5.644900    4.842355   -7.002849    2.579430
 20.0900   -5.285692    5.420667   -6.797175    3.309987
 20.1600   -4.886007    5.999305   -6.539451    4.069276
 20.2300   -4.445789    6.579118   -6.227477    4.863401
 20.3000   -3.964931    7.160643   -5.858575    5.700354
 20.3700   -3.443299    7.743785   -5.429427    6.590965
 20.4400   -2.880801    8.327102   -4.935839    7.550536
 20.5100   -2.277505    8.906055   -4.372352    8.601851
 20.5800   -1.633953    9.468252   -3.731580    9.781122
 20.6500   -0.951950    9.978194   -3.002995   11.150606
 20.7200   -0.237006   10.315011   -2.170496   12.822616
 20.7900    0.492152    9.959898   -1.207829   14.873053
 20.8600    1.157380    8.224212   -0.088268   16.091272
 20.9300    1.643541    6.109477    1.044949   15.657496
 21.0000    2.012707    4.713880    2.103781   14.540928
